0	0.7337911533023631
1	-0.05871388630009322
2	-0.07499999999999996
3	0.059807332084559794
4	-0.36245423557631606
5	0.23999999999999977
6	-0.12903225806451613
7	-0.07407407407407396
8	0.10891089108910879
9	0.0714285714285714
10	-0.018333333333333313
11	0.18675721561969438
12	-0.10300429184549353
13	0.0821371610845294
14	-0.09948415622697115
15	-0.018003273322422353
16	0.0
17	-0.04999999999999993
18	0.07017543859649122
19	0.021311475409836023
20	-0.052969502407704705
21	0.03220338983050852
22	0.1658456486042692
23	-0.014084507042253391
24	-0.04285714285714293
25	0.044776119402985204
26	-0.07857142857142863
27	0.03875968992248069
28	-0.02552238805970153
29	0.003216419053453823
30	0.06870229007633588
31	-0.02857142857142858
32	-0.019117647058823684
33	-0.01799100449775104
34	0.013740458015267132
35	-0.0060240963855421326
36	-0.016515151515151594
37	0.001386535202588357
38	-0.0030769230769231992
39	-0.012345679012345623
40	0.015625
41	-0.013846153846153841
42	-0.0015600624024961762
43	0.015156249999999982
44	-0.0764968446975528
45	0.04833333333333334
46	0.007949125596184325
47	-0.04022082018927442
48	0.025143796220213677
49	-0.012504007694773889
50	0.0
51	-0.009740259740259827
52	0.016393442622950838
53	-0.014354838709677464
54	0.011291114383897849
55	0.030097087378640586
56	-0.03393025447690845
57	0.011219512195121961
58	-0.0032159511175430255
59	-0.025649298273915155
60	0.024834437086092676
61	-0.04684975767366717
62	0.033898305084745894
63	0.02786885245901649
64	-0.009569377990430672
65	0.008856682769726065
66	-0.0071827613727054596
67	0.0017684887459807896
68	-0.001765366714812977
69	-0.002893890675241151
70	-0.00032247662044504466
71	0.003225806451612856
72	-0.004823151125401992
73	0.00016155088852998212
74	-0.0001615247940559561
75	0.0011308562197092087
76	-0.009197999031789528
77	-0.004723127035830665
78	0.003109147439044335
79	0.0016313213703100793
80	0.02296416938110757
81	0.06670912275115426
82	0.2962686567164179
83	0.08002302820955665
84	0.028784648187633266
85	-0.015544041450777257
86	-0.001052631578947416
87	0.10642781875658591
88	-0.02857142857142858
89	0.02941176470588247
90	-0.03809523809523796
91	0.009900990099009688
92	0.0039215686274511885
93	-0.052734375
94	0.020618556701030855
95	0.08080808080808066
96	-0.0420560747663552
97	0.029268292682926855
98	0.09004739336492906
99	0.14782608695652177
100	0.13863636363636345
101	0.24883566200931484
102	-0.07778369738945123
103	0.09763142692085491
104	0.046842105263157796
105	-0.03217697335344394
106	0.01558441558441559
107	-0.008695652173913104
108	-0.003611971104231171
109	0.1910926980838945
110	0.13043478260869557
111	0.5
112	-0.1282051282051282
113	-0.2852941176470589
114	-0.13580246913580252
115	0.1428571428571428
116	-0.07041666666666668
117	0.20215150156880335
118	0.02908277404921722
119	0.010869565217391353
120	-0.03870967741935494
121	-0.16853094705443694
122	0.030941704035874373
123	0.1648542844715093
124	0.04555638536221074
125	0.010714285714285454
126	-0.0222614840989398
127	0.04047705095771592
128	-0.017367141368530792
129	0.0003534817956873937
130	-0.010600706713780772
131	0.01571428571428557
132	-0.00492264416315058
133	-0.0459363957597172
134	-0.1485185185185186
135	-0.09438886472379293
136	0.09269932756964461
137	0.1208791208791209
138	-0.015686274509803977
139	-0.1832669322709164
140	-0.07317073170731703
141	0.0736842105263158
142	0.1421568627450982
143	0.02489270386266096
144	-0.16247906197654938
145	0.019999999999999796
146	0.11764705882352944
147	-0.03508771929824561
148	0.04499999999999993
149	0.07307525010874305
150	-0.03526550466153233
151	0.050420168067226934
152	-0.040000000000000036
153	0.004166666666666652
154	-0.003734439834024883
155	0.11203665139525198
156	-0.10112359550561811
157	0.04166666666666674
158	0.0
159	-0.008000000000000007
160	0.007661290322580783
161	0.06042416966786712
162	0.0
163	0.060377358490566024
164	0.06761565836298922
165	0.0
166	0.0
167	0.0
168	0.0
169	-0.01666666666666672
170	0.013220338983050972
171	0.00033456005352960894
172	-0.0033444816053511683
173	0.0738255033557047
174	0.009062499999999973
175	0.0003096934035304866
176	0.011145510835913308
177	0.0
178	-0.023882424984690842
179	-0.0037641154328732496
180	0.2594458438287155
181	-0.03500000000000003
182	0.002072538860103501
183	-0.09643226473629785
184	-0.10443490701001423
185	0.0
186	0.2460063897763578
187	0.07666666666666666
188	0.05810907358894979
189	-0.0042763898266935385
190	-0.05085895117540695
191	-0.02357704215289358
192	0.017073170731707332
193	0.010071942446043147
194	0.058879392212725534
195	-0.015695067264574036
196	0.09316628701594531
197	0.08355907480725167
198	0.34615384615384603
199	0.02285714285714291
200	-0.03631284916201116
201	0.17536231884057996
202	0.13440197287299638
203	-0.022065217391304293
204	-0.010781371568300613
205	0.03146067415730336
206	0.18736383442265803
207	-0.1006422018348625
208	0.09150260124451703
209	0.009345794392523477
210	-0.02777777777777779
211	0.01904761904761898
212	-0.01869158878504673
213	0.0
214	-0.00952380952380949
215	-0.13567307692307695
216	0.05573478696184209
217	-0.10432033719704947
218	-0.018235294117647016
219	0.04278010784901132
220	0.03424500114916107
221	0.10822222222222222
222	-0.08652496490876271
223	0.05147623751509167
224	-0.07098121085594988
225	-0.03370786516853941
226	0.07000000000000006
227	0.021408389480547685
228	-0.0008511543781252184
229	-0.04057075923756792
230	0.010321864594894592
231	-0.011424805009337513
232	-0.01655739526614075
233	-0.016949152542372947
234	-0.00632183908045969
235	0.07912087912087906
236	-0.05670489870296913
237	0.04318181818181821
238	-0.0277777777777779
239	0.0026890756302522245
240	-0.02782433791485084
241	-0.011494252873563204
242	-0.04023255813953486
243	-0.010782650835958307
244	-0.06307409675443965
245	-0.03124183006535952
246	0.02415328565645658
247	0.06587615283267456
248	0.05030902348578481
249	0.020242438507708682
250	0.019494751413081213
251	-0.03236026250282875
252	-0.04115996258185217
253	-0.025609756097560887
254	-0.008135168961201589
255	-0.0035331230283911497
256	-0.00645814866404959
257	-0.013382615345398863
258	0.010205399819144922
259	-0.0038363171355498826
260	-0.12708600770218226
261	0.04411764705882337
262	0.04225352112676051
263	0.01864864864864879
264	-0.005041124966834731
265	-0.026666666666666727
266	0.009452054794520492
267	0.04491789930791157
268	0.11688311688311681
269	0.07267441860465107
270	0.08401084010840121
271	-0.010099999999999998
272	0.0607132033538742
273	0.05714285714285716
274	0.04504504504504481
275	0.034482758620689724
276	-0.050000000000000044
277	0.06140350877192979
278	0.165289256198347
279	0.2056737588652482
280	-0.04117647058823537
281	-0.04294478527607348
282	0.14743589743589736
283	0.06145251396648033
284	0.16315789473684217
285	0.30316742081447967
286	0.2152777777777779
287	-0.13428571428571434
288	0.05610561056105623
289	0.06562500000000004
290	0.0
291	-0.02346041055718473
292	0.03603603603603611
293	0.05507246376811592
294	0.06318681318681318
295	-0.01808785529715773
296	0.5289473684210526
297	-0.05335628227194489
298	0.1454545454545455
299	0.3015873015873014
300	-0.12195121951219501
301	-0.029166666666666674
302	0.14878397711015734
303	-0.10460772104607707
304	-0.04311543810848406
305	-0.01017441860465118
306	-0.17914831130690156
307	0.0948121645796065
308	0.0931372549019609
309	0.06875934230194325
310	0.03776223776223775
311	0.13207547169811318
312	0.04761904761904767
313	-0.03409090909090917
314	-0.0235294117647058
315	0.015662650602409567
316	0.043890865954923086
317	-0.006818181818181834
318	0.09496567505720832
319	0.10762800417972818
320	0.3481132075471698
321	0.32190342897130875
322	-0.11593435680254105
323	0.1107784431137726
324	0.2894878706199462
325	0.23745819397993317
326	-0.02297297297297296
327	-0.17185338865836797
328	-0.3883089770354906
329	0.2662116040955631
330	0.0695417789757411
331	-0.028225806451612878
332	0.010892116182572575
333	-0.12775782452539752
334	-0.0776470588235294
335	0.07716836734693877
336	0.03670811130846663
337	0.0
338	0.0
339	0.0
340	0.0
341	0.0
342	0.0
343	-0.060536836093660895
344	0.01823708206686936
345	0.011940298507462588
346	-0.005899705014749124
347	-0.04451038575667654
348	-0.0434782608695653
349	0.0
350	0.0025974025974024872
351	-0.10233160621761661
352	-0.06854256854256846
353	0.14484895429899303
354	0.0
355	-0.031799729364005325
356	0.004891684136967278
357	0.03616133518776077
358	-0.04630872483221471
359	-0.014074595355383579
360	-0.004282655246252709
361	0.0028673835125447855
362	-0.012866333095067906
363	-0.00651701665459814
364	-0.04081632653061229
365	0.024316109422492405
366	0.027448071216617187
367	-0.011552346570397165
368	-0.005843681519357213
369	0.006612784717119791
370	-0.0014598540145984717
371	0.021929824561403466
372	0.005007153075822668
373	-0.012099644128113818
374	0.004322766570605152
375	-0.03228120516499278
376	0.000741289844329085
377	0.0022222222222221255
378	-0.013303769401330379
379	-0.019475655430711614
380	-0.07944996180290287
381	-0.23153526970954363
382	0.16090712742980573
383	-0.08837209302325577
384	-0.3316326530612246
385	0.20610687022900764
386	-0.012658227848101333
387	0.2807692307692309
388	-0.0010010010010009784
389	-0.05210420841683361
390	0.0
391	0.07082452431289643
392	0.06614017769002967
393	0.03240740740740744
394	-0.01704035874439458
395	-0.0009124087591242391
396	-0.010958904109588996
397	0.07571560480147732
398	-0.017167381974249052
399	-0.012227074235807711
400	-0.03625110521662245
401	0.003669724770642091
402	-0.00822669104204754
403	-0.10967741935483866
404	-0.1532091097308489
405	0.05012224938875298
406	0.055878928987194376
407	-0.011025358324145529
408	-0.020066889632107232
409	-0.06712172923777016
410	0.0012195121951221743
411	0.052375152253349544
412	-0.01851851851851849
413	-0.03537735849056611
414	-0.06968215158924196
415	-0.09855453350854138
416	0.048104956268221644
417	-0.09179415855354656
418	-0.2297090352220521
419	-0.051689860834990164
420	0.22851153039832295
421	0.03754266211604085
422	-0.046052631578947456
423	-0.03103448275862064
424	-0.1387900355871886
425	-0.004132231404958553
426	-0.010373443983402675
427	0.09014675052410914
428	0.050000000000000044
429	0.11904761904761907
430	-0.08183306055646478
431	-0.03208556149732633
432	0.022099447513812098
433	-0.014414414414414378
434	-0.025594149908592212
435	-0.08630393996247654
436	0.010266940451745254
437	-0.030487804878048808
438	0.002096436058700357
439	0.07531380753138062
440	-0.021400778210116655
441	0.0
442	-0.001988071570576677
443	-0.01195219123505964
444	-0.01814516129032251
445	-0.028747433264887046
446	-0.09725158562367886
447	-0.060889929742388715
448	0.02244389027431426
449	0.0
450	-0.04146341463414627
451	0.05597964376590325
452	-0.024096385542168752
453	-0.014814814814814725
454	-0.03759398496240607
455	-0.07291666666666663
456	-0.2808988764044944
457	-0.0546875
458	-0.06198347107438018
459	0.03524229074889873
460	0.09361702127659566
461	0.22957198443579774
462	0.0031645569620253333
463	-0.19558359621451105
464	0.0862745098039217
465	0.0
466	0.09747292418772568
467	0.049342105263157965
468	0.12225705329153613
469	-0.08659217877094971
470	-0.006116207951070374
471	-0.03076923076923077
472	0.031746031746031855
473	-0.03076923076923077
474	-0.012698412698412764
475	-0.04501607717041789
476	-0.0033670033670034627
477	0.016891891891891886
478	0.00996677740863805
479	-0.02960526315789469
480	-0.03728813559322042
481	0.08450704225352124
482	-0.016233766233766267
483	-0.009900990099009799
484	-0.2599999999999999
485	0.04954954954954949
486	0.09871244635193133
487	-0.12109375
488	-0.08888888888888902
489	0.07317073170731736
490	0.0
491	0.040909090909090784
492	0.017467248908296984
493	0.0
494	0.0429184549356223
495	0.03292181069958833
496	-0.015936254980079556
497	0.004048582995951344
498	0.028225806451612767
499	0.07843137254901977
500	0.08000000000000007
501	0.030303030303030276
502	0.019607843137254832
503	-0.10576923076923084
504	0.014336917562723928
505	0.0176678445229681
506	0.05208333333333326
507	-0.013201320132013028
508	-0.0033444816053512794
509	-0.003355704697986517
510	0.026936026936026813
511	0.06557377049180335
512	-0.03384615384615386
513	0.03503184713375784
514	-0.03076923076923077
515	0.01587301587301604
516	0.0
517	0.0
518	-0.0031250000000000444
519	0.10344827586206895
520	0.12215909090909105
521	-0.015189873417721489
522	0.0
523	0.015424164524421524
524	-0.0025316455696202667
525	0.07106598984771573
526	-0.04739336492891
527	0.012437810945273853
528	0.029484029484029506
529	-0.004773269689737569
530	0.01918465227817756
531	0.11058823529411765
532	0.11652542372881358
533	-0.009487666034155517
534	-0.06513409961685823
535	0.14139344262295084
536	0.24775583482944352
537	-0.03597122302158273
538	0.016417910447761086
539	0.04405286343612347
540	-0.10970464135021096
541	0.004739336492890933
542	0.08490566037735858
543	-0.01449275362318847
544	-0.057352941176470495
545	0.05304212168486733
546	0.03703703703703698
547	-0.04571428571428571
548	-0.16167664670658688
549	0.05714285714285716
550	0.07432432432432434
551	0.020440251572326984
552	-0.04776579352850552
553	0.021035598705501535
554	0.007923930269413848
555	-0.011006289308176154
556	-0.08585055643879169
557	-0.07130434782608697
558	-0.009363295880149725
559	0.06427221172022679
560	-0.04440497335701599
561	0.020446096654275214
562	-0.0018214936247722413
563	0.10948905109489049
564	0.0032894736842103978
565	-0.022950819672131084
566	-0.015100671140939603
567	-0.030664395229982877
568	-0.04217926186291743
569	0.044036697247706424
570	-0.015817223198594133
571	0.04107142857142865
572	0.013722126929674117
573	-0.05245346869712364
574	-0.016071428571428514
575	-0.04537205081669693
576	-0.15209125475285168
577	-0.029147982062780242
578	-0.013856812933025542
579	0.032786885245901676
580	-0.043083900226757454
581	0.04028436018957349
582	-0.006833712984054552
583	-0.02064220183486254
584	0.03512880562060894
585	0.13348416289592757
586	0.003992015968063978
587	-0.051689860834990164
588	0.03144654088050314
589	0.008130081300812941
590	-0.01814516129032251
591	-0.002053388090349051
592	0.012345679012345512
593	-0.04471544715447151
594	-0.019148936170212738
595	0.045553145336225676
596	0.03319502074688807
597	0.002008032128514081
598	-0.01002004008016033
599	-0.002024291497975894
600	-0.014198782961460377
601	-0.006172839506172867
602	0.016563146997929712
603	-0.004073319755600879
604	0.07770961145194266
605	0.020872865275142427
606	-0.009293680297397744
607	0.0018761726078799779
608	-0.022471910112359605
609	0.011494252873563315
610	-0.1117424242424242
611	0.03198294243070343
612	-0.006198347107438051
613	-0.022869022869022704
614	-0.0021276595744680327
615	-0.002132196162047073
616	-0.02777777777777779
617	0.015384615384615552
618	0.04112554112554112
619	-0.004158004158004047
620	0.0041753653444676075
621	0.010395010395010562
622	0.010288065843621297
623	-0.016293279022403295
624	0.02898550724637672
625	-0.004024144869215207
626	-0.008080808080808133
627	0.0020366598778003286
628	0.0060975609756097615
629	-0.05252525252525253
630	0.021321961620468954
631	0.016701461377870652
632	-0.006160164271047264
633	0.018595041322313932
634	-0.0020283975659228792
635	0.004065040650406582
636	0.004048582995951344
637	0.002016129032258007
638	-0.008048289738430636
639	0.01014198782961473
640	0.028112449799196693
641	0.00390625
642	0.040856031128404746
643	-0.016822429906542036
644	-0.011406844106463754
645	-0.04615384615384621
646	0.028225806451612767
647	0.00588235294117645
648	-0.005847953216374324
649	0.0019607843137257053
650	-0.02544031311154593
651	-0.016064257028112428
652	0.010204081632652962
653	0.010101010101010166
654	0.014000000000000012
655	0.011834319526627057
656	-0.011695906432748426
657	0.0019723865877712132
658	-0.005905511811023723
659	0.001980198019801982
660	-0.0019762845849802257
661	-0.001980198019801982
662	-0.037698412698412787
663	0.022680412371134162
664	-0.002016129032258007
665	-0.0040404040404041774
666	0.016227180527383478
667	0.005988023952095967
668	0.009920634920634885
669	0.0019646365422396617
670	0.0039215686274509665
671	-0.003906250000000111
672	-0.0019607843137254832
673	0.0019646365422396617
674	0.0
675	0.007843137254901933
676	-0.0038910505836574627
677	0.005859375
678	-0.009708737864077777
679	0.007843137254901933
680	0.0
681	0.001945525291829009
682	-0.001941747572815622
683	0.0077821011673151474
684	0.01737451737451745
685	-0.003795066413662118
686	-0.007619047619047636
687	0.011516314779270509
688	0.032258064516129226
689	0.003676470588235281
690	0.023809523809523725
691	0.007155635062611854
692	-0.01243339253996456
693	-0.01618705035971224
694	0.018281535648994707
695	0.02333931777378817
696	0.04035087719298236
697	0.00337268128161905
698	0.09243697478991586
699	-0.01538461538461533
700	-0.03749999999999998
701	0.024350649350649345
702	0.030110935023771823
703	0.026153846153846194
704	0.0014992503748125774
705	-0.019461077844311392
706	-0.018320610687022953
707	-0.01244167962674958
708	-0.007874015748031482
709	0.01904761904761898
710	0.03582554517133962
711	-0.006015037593984918
712	0.00605143721633894
713	0.006015037593984918
714	-0.008968609865470878
715	0.019607843137254832
716	-0.04585798816568043
717	0.009302325581395321
718	0.02457757296466978
719	-0.0029985007496251548
720	0.016541353383458635
721	0.00591715976331364
722	0.03235294117647047
723	0.025641025641025772
724	-0.00694444444444442
725	0.08531468531468533
726	-0.011597938144329856
727	-0.016949152542372836
728	0.010610079575596787
729	0.11548556430446189
730	0.03529411764705892
731	0.03522727272727266
732	-0.02634467618002201
733	-0.03945885005636973
734	0.03873239436619724
735	-0.049717514124293705
736	0.0047562425683709275
737	0.01775147928994092
738	0.023255813953488413
739	0.011363636363636243
740	0.0
741	-0.0011235955056179137
742	-0.020247469066366652
743	0.04477611940298498
744	0.027472527472527375
745	0.021390374331550888
746	0.10261780104712037
747	0.0417853751187085
748	0.0009115770282588365
749	-0.010018214936247882
750	-0.0009199632014719183
751	0.022099447513812098
752	-0.003603603603603567
753	0.0
754	0.029837251356238603
755	0.010535557506584636
756	0.009556907037358675
757	0.03614457831325302
758	0.012458471760797396
759	0.08695652173913038
760	0.018867924528301883
761	-0.14222222222222225
762	0.002590673575129543
763	-0.3109388458225667
764	0.26249999999999996
765	-0.017821782178217838
766	-0.011088709677419262
767	0.029561671763506547
768	0.04950495049504955
769	-0.007547169811320753
770	0.008555133079847899
771	0.03204524033930256
772	-0.0009132420091324533
773	-0.001828153564899404
774	-0.012820512820512886
775	-0.05751391465677169
776	-0.01870078740157477
777	0.02306920762286846
778	0.032352941176470695
779	-0.01424501424501412
780	0.059730250481695446
781	0.016363636363636358
782	-0.01610017889087656
783	0.0036363636363636598
784	-0.0018115942028985588
785	0.013611615245009201
786	0.0143240823634736
787	0.0026478375992937675
788	0.0035211267605634866
789	0.023684210526315752
790	0.006855184233076184
791	0.01021276595744669
792	0.0016849199663018233
793	0.030277544154751812
794	0.026122448979591928
795	-0.023070803500397807
796	0.0073289902280129215
797	-0.010509296685529468
798	-0.004084967320261534
799	-0.007383100902379036
800	0.008264462809917328
801	0.0057377049180327155
802	0.0032599837000815146
803	0.006498781478472715
804	-0.002421307506053405
805	0.003236245954692629
806	0.0
807	0.03548387096774186
808	0.003894080996884819
809	-0.003103180760279378
810	-0.012451361867704347
811	-0.014184397163120588
812	-0.05675459632294155
813	-0.0016949152542373724
814	0.01018675721561979
815	0.018487394957983128
816	-0.007425742574257432
817	-0.0024937655860348684
818	-0.011666666666666714
819	-0.010118043844856595
820	0.008517887563884052
821	0.0008445945945945166
822	-0.0033755274261603185
823	0.01100762066045724
824	-0.0167504187604689
825	0.0
826	-0.009369676320272524
827	0.006878761822871837
828	-0.005123825789923209
829	0.0
830	-0.06781115879828337
831	-0.06353591160220995
832	0.008849557522123908
833	0.04288499025341119
834	-0.009345794392523366
835	0.027358490566037785
836	0.028466483011937438
837	-0.05624999999999991
838	-0.009460737937559083
839	0.01623686723973261
840	0.015037593984962516
841	-0.00462962962962965
842	0.013953488372093092
843	0.0018348623853210455
844	0.0009157509157509125
845	-0.010064043915827936
846	0.006469500924214389
847	-0.0018365472910928382
848	0.012879484820607301
849	-0.005449591280654031
850	0.0
851	0.022831050228310446
852	0.049107142857143016
853	0.0034042553191488967
854	-0.01187446988973695
855	0.012875536480686733
856	-0.0059322033898305815
857	0.0034100596760442414
858	0.055225148683092584
859	-0.005636070853462183
860	0.004858299595141835
861	0.005640612409347323
862	-0.018429487179487225
863	-0.004081632653061273
864	0.012295081967213184
865	0.00809716599190291
866	0.009638554216867545
867	-0.0007955449482895949
868	-0.004777070063694322
869	0.014399999999999968
870	0.05757097791798116
871	-0.0022371364653243075
872	-0.005979073243647215
873	0.015037593984962294
874	-0.00592592592592589
875	-0.0022354694485841042
876	0.0029873039581775895
877	0.00967982129560685
878	0.010324483775811188
879	0.0
880	-0.007299270072992692
881	-0.008088235294117618
882	-0.014084507042253502
883	-0.003759398496240629
884	0.0037735849056603765
885	0.022556390977443552
886	-0.00588235294117645
887	-0.0014792899408283544
888	-0.009629629629629655
889	-0.00448765893792058
890	0.005259203606311047
891	-0.0022421524663678305
892	0.008988764044943975
893	-0.0037119524870081744
894	0.0
895	-0.0014903129657227732
896	0.003731343283581934
897	0.004460966542751077
898	-0.015544041450777146
899	-0.0015037593984963404
900	0.009036144578313365
901	0.00746268656716409
902	-0.004444444444444473
903	0.0007440476190476719
904	0.010408921933085624
905	0.011037527593819041
906	0.0021834061135370675
907	0.026870007262164153
908	0.0
909	0.007072135785006983
910	-0.008426966292134908
911	0.012747875354107707
912	-0.0034965034965035446
913	0.03368421052631576
914	0.052274270196877026
915	0.012903225806451646
916	-0.005095541401273884
917	0.00512163892445594
918	0.07006369426751591
919	0.027380952380952506
920	0.0139049826187716
921	-0.034285714285714364
922	0.029585798816567976
923	0.02758620689655178
924	-0.003355704697986517
925	0.050505050505050386
926	0.04326923076923084
927	0.008704557091653742
928	0.03604060913705598
929	0.004409603135717699
930	-0.04243902439024394
931	0.04890473764645953
932	-0.007770762506070894
933	0.008321096426823438
934	0.028155339805825186
935	0.045797922568460825
936	0.023024830699774235
937	0.043689320388349495
938	0.013530655391120527
939	0.028368794326241176
940	0.021095334685598433
941	-0.03853794199443794
942	0.12479338842975207
943	-0.004408523144746379
944	0.0044280442804427445
945	-0.015062454077883869
946	0.005221932114882533
947	0.09165120593692033
948	0.007817811012916343
949	0.003372681281618828
950	0.01680672268907557
951	-0.014876033057851235
952	0.0030201342281879207
953	0.017062562730010056
954	0.023026315789473673
955	-0.006430868167202619
956	0.08025889967637556
957	0.03355302576393049
958	-0.007246376811594235
959	0.007299270072992803
960	0.047826086956521685
961	0.11562932226832645
962	0.01710885197123746
963	0.023890784982935065
964	0.0519047619047619
965	0.06043458578542338
966	-0.018143009605122717
967	0.05217391304347818
968	-0.08491735537190082
969	0.059381350191916926
970	0.005328218243819238
971	-0.004663981344074641
972	0.0010649627263044081
973	0.008510638297872353
974	0.08860759493670889
975	0.14612403100775184
976	0.09046330740615471
977	0.09861994107613592
978	-0.013832039520112804
979	-0.0790038643194505
980	0.11111111111111116
981	0.029370629370629286
982	0.06657608695652173
983	0.13273885350318482
984	-0.030814215024741243
985	0.05012763982362478
986	0.018674033149171265
987	0.009111617312072884
988	0.11791895087606141
989	0.13442307692307698
990	0.14426173927784358
991	-0.021333333333333315
992	0.07720254314259756
993	0.0021781899943789096
994	0.13790927574844014
995	0.155268022181146
996	0.22666666666666657
997	-0.28260869565217395
998	-0.24303030303030304
999	-0.06325060048038433
1000	-0.20512820512820518
1001	-0.032258064516129004
1002	-0.0845555555555555
1003	-0.1702876562689647
1004	0.36146869514335855
1005	0.1712689373589773
1006	0.08687276396660848
1007	0.06870357866306542
1008	-0.05860053703996215
1009	0.06879194630872476
1010	0.1262166405023546
1011	0.07471424588792863
1012	-0.08099870298313872
1013	-0.03394255874673635
1014	-0.06501095690284886
1015	0.05031249999999998
1016	0.07110978875334717
1017	-0.03312500000000007
1018	-0.16411692882281115
1019	-0.08704244715586862
1020	-0.07670588235294118
1021	0.15086646279306848
1022	0.027280779450841397
1023	-0.032160717365062985
1024	-0.023608017817371985
1025	0.03284671532846728
1026	-0.0035335689045936647
1027	0.043439716312056786
1028	-0.017502124044180167
1029	-0.00709097198201325
1030	0.027521337746037267
1031	-0.0557721647736904
1032	0.025314183123877898
1033	0.03493258623708617
1034	0.04475086710092224
1035	-0.0023481781376518684
1036	-0.005762519276032774
1037	-0.003918367346938845
1038	0.007129978692017813
1039	0.007404996338188585
1040	0.020193861066235774
1041	0.05384006334125102
1042	-0.008339594290007413
1043	0.011440260625804832
1044	-0.027940074906366963
1045	-0.0059335747861601895
1046	0.025193798449612448
1047	-0.02608695652173909
1048	0.00015527950310545435
1049	0.0037261294829997738
1050	-0.052590873936581684
1051	-0.014367346938775505
1052	0.005466291204240692
1053	0.004118616144975329
1054	-0.024036095159967186
1055	-0.06699167857443056
1056	-0.028018018018018065
1057	-0.06905181203077215
1058	0.058841099163679855
1059	0.024917724494593285
1060	-0.0020183486238531945
1061	-0.044401544401544424
1062	-0.03799903799903803
1063	-0.0020000000000000018
1064	0.0010020040080160886
1065	0.020520520520520558
1066	0.05296714075527209
1067	0.008383791336749047
1068	0.02808314087759811
1069	-0.016084104591607584
1070	-0.01187214611872145
1071	-0.0027726432532346745
1072	-0.05384615384615388
1073	0.012146145557841104
1074	0.006484080131617276
1075	-0.02173076923076933
1076	-0.06958914881069389
1077	0.0035918022395944327
1078	0.0264210526315789
1079	-0.09701569069839
1080	0.026802952867688745
1081	-0.12741953323747368
1082	0.014577259475218707
1083	-0.14417791104447786
1084	0.016934306569343027
1085	0.09819121447028434
1086	-0.006535947712418277
1087	0.009210526315789558
1088	0.1473272490221642
1089	0.011136363636363722
1090	0.0563047875927174
1091	0.04606873071603368
1092	-0.03966639544344985
1093	0.04734166490150393
1094	-0.0181009202143797
1095	0.014418125643666402
1096	-0.08558375634517779
1097	0.021427778394581987
1098	-0.023695652173913118
1099	0.024270763749721702
1100	-0.004347826086956608
1101	0.043231441048035
1102	-0.004918375889493509
1103	0.019560416447576
1104	-0.009592573491490564
1105	-0.016871485107269213
1106	0.04639830508474563
1107	0.02733346831342387
1108	0.06385494678754422
1109	-0.01620970729899962
1110	-0.02080783353733162
1111	0.004807692307692291
1112	0.0043062200956938135
1113	0.0016198189614102798
1114	0.01522070015220689
1115	-0.0014992503748125774
1116	-0.005349099099099197
1117	-0.027738465893008768
1118	-0.002426006792819013
1119	0.0019455252918287869
1120	0.01941747572815533
1121	0.017238095238095275
1122	0.026121149705083724
1123	0.02700729927007317
1124	-0.022832267235252335
1125	-0.009091735612328344
1126	0.034498577851179046
1127	0.0055875831485587835
1128	0.045157876168636424
1129	0.0227848101265824
1130	0.017326732673267342
1131	-0.010543390105433925
1132	-0.02860655737704909
1133	0.009197536072905077
1134	0.020986622073578598
1135	-0.016706248464499307
1136	0.09344549013075709
1137	-0.019270317617487986
1138	0.004193849021435492
1139	0.06751740139211138
1140	0.02151706150836774
1141	0.03553191489361707
1142	-0.013766180398602779
1143	0.0
1144	-0.0797916666666667
1145	-0.017432646592710044
1146	-0.06374807987711206
1147	0.05816242821985229
1148	-0.020699279013877137
1149	0.05367321089297028
1150	-0.003606311044327515
1151	0.07148243100588147
1152	-0.01935256861365231
1153	0.009400789379260921
1154	-0.028081899616095418
1155	0.011630458635067065
1156	0.008098336948662244
1157	-0.001936594462774166
1158	0.009054976643909418
1159	-0.03817391923652147
1160	-0.009181784524250336
1161	0.004259771317539851
1162	-0.002827801756213666
1163	-0.004477611940298498
1164	0.010344827586206806
1165	0.001632289657219177
1166	0.015555555555555545
1167	0.013347921225383086
1168	0.02569639386741529
1169	0.00968421052631574
1170	-0.013761467889908174
1171	-0.01127554615926707
1172	-0.12330719885958663
1173	0.06495934959349592
1174	0.04450721429116711
1175	-0.0008770647566145318
1176	0.008046817849305166
1177	-0.014513788098693747
1178	0.005081001472754032
1179	0.022052897648179304
1180	0.006523297491039415
1181	-0.0022078199558436262
1182	0.019914346895074875
1183	0.03247253131779693
1184	0.026028604351657325
1185	0.04439452995970128
1186	-0.03333544183692838
1187	0.03121319199057715
1188	0.0678342534424774
1189	0.08836463037794151
1190	0.016107016107016037
1191	0.03589468027941978
1192	0.05296192551094525
1193	0.12306024927336323
1194	-0.09207351844540956
1195	-0.04396560054111509
1196	-0.04709925207196275
1197	0.09731650403054726
1198	-4.833019187078236e-05
1199	0.04398260028999523
1200	-0.03703703703703709
1201	0.015240384615384572
1202	0.010702277785670455
1203	-0.008152555873120026
1204	0.05815106996079167
1205	0.06321428571428567
1206	0.05517299294591882
1207	0.05093513728611221
1208	0.17247254827716763
1209	0.14645567576295826
1210	0.036028169014084455
1211	-0.08556513227657092
1212	0.0792697431018079
1213	0.04699983470163649
1214	0.14422166087780242
1215	-0.00333448315511109
1216	0.0011998154130135052
1217	0.06462020648967548
1218	0.1436055069703004
1219	0.48671209540034077
1220	-0.1779152820747869
1221	-0.01195620189254909
1222	0.1989748734266501
1223	0.04848936476186738
1224	0.03802992518703241
1225	-0.045033033033033076
1226	0.04399944654784216
1227	0.16864058603115706
1228	0.11333457049775264
1229	0.019900175017825816
1230	0.09583431694782907
1231	-0.0010522565517470106
1232	-0.16693761093508952
1233	0.09176714224554194
1234	0.053166265411833225
1235	0.07160175259338808
1236	-0.10601591854874559
1237	-0.2362091562344646
1238	-0.1751437835790869
1239	0.15342457892169525
1240	0.14302950395542058
1241	0.12489254039936881
1242	-0.11007816429981043
1243	-0.021686432663354793
1244	0.04087868619302637
1245	-0.02970846632577895
1246	0.012035997975663904
1247	-0.17389224681480198
1248	-0.05915096325929037
1249	-0.24335286795250155
1250	0.3530075048985175
1251	-0.11201584807705445
1252	-0.014585512954643387
1253	-0.0015457157132151567
1254	0.11532627562588948
1255	-0.014707531826594122
1256	0.006403415154749181
1257	0.1339413220219159
1258	0.0013341978602956495
1259	-0.051130066621007386
1260	0.03014475255580784
1261	0.025313391765185544
1262	0.0013791732415542324
1263	0.0124078715537137
1264	0.05021202539402392
1265	0.03191700411945253
1266	0.045721846515730746
1267	0.09738398814737903
1268	-0.0020596408932337384
1269	-0.13109169011998223
1270	0.06698488464598262
1271	-0.0020131225767968663
1272	0.02221036341320226
1273	0.049657534246575485
1274	-0.06518322524171416
1275	-0.01796145947498906
1276	-0.003933211255702118
1277	0.023866504220694473
1278	-0.0294617623934893
1279	-0.02116060383802787
1280	0.012928334973606681
1281	0.05418893256193957
1282	0.0012044407205697993
1283	0.006548459647471194
1284	-0.011702227164548273
1285	-0.007140228192859865
1286	-0.02924292492797831
1287	0.048551633844307496
1288	0.04781228864263043
1289	-0.06301886792452838
1290	-0.011509845899484894
1291	-0.007515975468542213
1292	0.01698229390603556
1293	-0.002698137859972971
1294	0.0016722586142621232
1295	0.013706641713276957
1296	-0.022657897221260548
1297	-0.00544160736709931
1298	-0.023871190537857245
1299	-0.08363551939150049
1300	-0.1607248422551184
1301	-0.06737583554948612
1302	0.016631215512192155
1303	-0.11665175796352178
1304	-0.006299023393920633
1305	-0.0826136520657732
1306	-0.15003859695366484
1307	-0.05263157894736836
1308	-0.13236531986531985
1309	-0.1920661869728083
1310	-0.09179452968645774
1311	0.07958718965770539
1312	-0.11029086579350234
1313	-0.5720567430122738
1314	-0.0032165832737669486
1315	1.2910541412692722
1316	0.2135451308736649
1317	-0.43901731308637204
1318	-0.21965517241379307
1319	3.3683900427161584
1320	0.005647907745220282
1321	-0.03780448959747851
1322	-0.028835766804892637
1323	-0.02301799458189069
1324	0.21599089172910246
1325	-0.0004983539218942346
1326	-0.005363753116265135
1327	-0.015251405134437124
1328	-0.04863789220374537
1329	-0.012193342305384824
1330	0.02928382659509854
1331	-0.022454349732876078
1332	-0.0069823971809386265
1333	0.017644449555602737
1334	0.009056713430088958
1335	-0.017614872648150537
1336	0.01628584922560794
1337	-0.007836161722994062
1338	-0.020609232160739066
1339	-0.012286025264685585
1340	-0.006628487469320099
1341	-0.048692349065483476
1342	-0.028958108800508864
1343	0.026819505094614282
1344	-0.023354715242584367
1345	0.029755424921982687
1346	-0.008228204947494433
1347	-0.0007816802572437886
1348	-0.1813494532847365
1349	0.04812683244651983
1350	-0.011396365595408353
1351	-0.06327681247511052
1352	-0.005056833437751651
1353	0.042257005352404065
1354	-0.08432409105620886
1355	0.028135824869806925
1356	0.01845018450184499
1357	0.0276127464218201
1358	-0.0020585594463788937
1359	0.014681033158506773
1360	0.009040183398935975
1361	-0.01976165980795619
1362	-0.15898456290724616
1363	0.13132100980162753
1364	0.005768258491519962
1365	-0.022963555352450538
1366	0.11875584658559402
1367	0.10044316233956252
1368	0.01998366354501102
1369	-0.06508985939100487
1370	-0.03282868525896421
1371	0.042222771461525754
1372	-0.014841310620133608
1373	-0.006720025676515973
1374	-0.014641731965425286
1375	-0.0012502305753110399
1376	0.026657090088241242
1377	-0.07155849607227804
1378	-0.014252190574608692
1379	-0.0320833424334418
1380	-0.002843088587030085
1381	0.00950398262128882
1382	-0.0010983591858693131
1383	0.03253820433992316
1384	-0.014039510573098823
1385	-0.03310776555646178
1386	-0.005927276872221499
1387	-0.011879371631693614
1388	0.0030635690579525754
1389	0.03322612739767239
1390	-0.012182286418094268
1391	0.009838815714900973
1392	0.014479739589179363
1393	-0.04131445009957946
1394	0.01149504881933372
1395	-0.009789826795371992
1396	0.020072824483775786
1397	0.012357951336330553
1398	0.012340995313546044
1399	-0.0018517293829772852
1400	-0.00585260275182764
1401	-0.01386235393433155
1402	0.09161973417436364
1403	0.00881193635594446
1404	0.054250879633418014
1405	0.0052972679292144775
1406	0.004574494778899485
1407	0.09603043461553251
1408	0.02028258887876011
1409	-0.02046356591811127
1410	0.0012980178915980023
1411	-0.011246583981501024
1412	0.08491903192657957
1413	0.02541030456438298
1414	0.03484575815005342
1415	0.008772064820942171
1416	0.02126653343300422
1417	-0.04556114903724062
1418	0.033258729438279566
1419	-0.014798994213699235
1420	0.0019372395873371584
1421	-0.0009514017831110388
1422	-0.01029106827432602
1423	0.017490494296577896
1424	-0.019325218876788286
1425	-0.07126526168442349
1426	0.022139232662904185
1427	-0.04412222495289597
1428	-0.001936855095814316
1429	0.0288344295797629
1430	0.01003204914201783
1431	0.0018509643193573844
1432	-0.00996354398640753
1433	-0.015695552926670686
1434	0.010647482014388476
1435	0.011021037116441201
1436	-0.02062555912660291
1437	-0.004059745927567304
1438	-0.034512628021128644
1439	0.025068167824786602
1440	0.033516389222584486
1441	-0.007754512395596436
1442	0.00585715241984075
1443	0.056699830299803855
1444	0.012674371004818052
1445	0.003933518866897856
1446	-0.011909186644366021
1447	-0.022052254596178766
1448	-0.0016026668376177833
1449	0.005923333761397087
1450	-0.020825021942072808
1451	0.002803129074315569
1452	0.01248131053760626
1453	-0.007399678972712653
1454	0.023464156923624246
1455	0.004740085321535803
1456	-0.012376159773549333
1457	-0.015461044854545025
1458	0.002070125501358433
1459	-0.007746933505487497
1460	0.019160702667534224
1461	0.001420409205528328
1462	-0.000685291727094639
1463	-0.009664455218167833
1464	0.006682984959258009
1465	-0.004159134899940797
1466	-0.0013493325622859764
1467	-0.03188084093358434
1468	-0.0022762390549454503
1469	-0.007493755203996644
1470	-0.0016275167785235745
1471	-0.011932171487151977
1472	-0.0036739067576071482
1473	-0.03607217850009392
1474	0.04406347407197497
1475	0.015707694395440397
1476	-0.011790640969972177
1477	-0.004698168052457152
1478	0.006503209155431566
1479	-0.006764849773099213
1480	0.001715469800937619
1481	0.005137596012004586
1482	0.005145074224021773
1483	-0.01062347906352279
1484	0.004308590039354021
1485	-0.02731142113974927
1486	-0.01429092361388462
1487	-0.04502695275340862
1488	-0.0688064932669249
1489	-0.016541204437401036
1490	0.05148554738644373
1491	-0.06994118886611367
1492	-0.04803295571575694
1493	0.04963434159851143
1494	0.06526220316622688
1495	0.00224466891133579
1496	-0.0035525350426690583
1497	-0.03569075760511531
1498	0.024172158816910372
1499	-0.01330168134821752
1500	0.019147793927584145
1501	0.005209146246293317
1502	-0.008695145857190001
1503	0.0035438081253058584
1504	-0.012876541282971665
1505	-0.04779033915724562
1506	-0.00952717007762871
1507	0.0036673023324043097
1508	0.0022967386311438798
1509	0.022810599116740216
1510	-0.01494938797124179
1511	0.0016954409180194308
1512	0.0026420624600078657
1513	-0.02071024189397841
1514	-0.0016607454434611757
1515	0.010107391029690493
1516	-0.002522409839482931
1517	-0.0015883299546489704
1518	0.0009210223347915214
1519	-0.0008992617688270421
1520	-6.279566291289562e-05
1521	-0.022942789558518695
1522	-0.01212640599892878
1523	-0.07987594612765403
1524	-0.06267383208409927
1525	0.034853018834712035
1526	-0.024080868952445655
1527	0.006150092126885998
1528	0.08109579549110357
1529	-0.029963832806849
1530	-0.02709016683578347
1531	-0.01899148657498373
1532	-0.013450032141620882
1533	-0.04997243245952587
1534	-0.006093700538144953
1535	0.030257186081694476
1536	-0.013731097199680686
1537	-0.02011284087347187
1538	-0.03116169963213733
1539	-0.07739716604759939
1540	-0.037158535130621395
1541	0.026915691011583975
1542	0.0003016136329361263
1543	0.057952660937735656
1544	0.02861458659902527
1545	0.0022166191017150005
1546	-0.001354676398219401
1547	0.03308233209678302
1548	0.0379183750033496
1549	0.025250438913559936
1550	-0.009896751447997953
1551	-0.03408194928402486
1552	0.0018695526239567162
1553	0.02733389402859543
1554	-0.009209987720016466
1555	-0.017790745713695433
1556	0.005152606535397952
1557	-0.008944684189878371
1558	-0.061093077877180546
1559	-0.001911293495980515
1560	-0.02359898620107015
1561	0.005624134748500209
1562	0.004072618808615536
1563	0.002770716101573978
1564	-0.04540534381587191
1565	0.029064215803294324
1566	-0.020269094705097745
1567	-0.03681889484121115
1568	-0.008849829456411551
1569	0.005239497752286493
1570	0.011472982975573531
1571	0.030643980973289464
1572	0.02857903612319168
1573	-0.016682486265711782
1574	0.004884897768157481
1575	0.05385107993246785
1576	0.014114462490332436
1577	-0.004711970584229785
1578	0.18228339992337572
1579	-0.007661504988079382
1580	-0.07508397089009156
1581	-0.054649080775729386
1582	0.02867737288587735
1583	-0.00238583024299166
1584	-0.014375211209025407
1585	0.005986918451313272
1586	-0.06326193534855673
1587	-0.015477190036384036
1588	0.0006822639793047092
1589	0.03931706485611208
1590	0.03553368867022
1591	-0.0063877524086050075
1592	-0.02943442339877267
1593	0.009525112905433009
1594	0.023750779491906737
1595	-0.003469371540559818
1596	-0.0035877538003613596
1597	0.009815165497559564
1598	0.005361717862708337
1599	-0.009667927700714563
1600	-0.018887945670628237
1601	0.021063162448626382
1602	-0.003627889733336831
1603	0.0005581247010046919
1604	-0.03060004781257486
1605	-0.034963693656665296
1606	-0.01206735000993786
1607	-0.00074725527389774
1608	0.01645190980211675
1609	-0.0146010186757215
1610	0.00318745692625777
1611	-0.01139258623157302
1612	-0.04386599878391284
1613	-0.030888498576706613
1614	-0.030248109493156705
1615	0.023973706257652827
1616	0.03955566744288519
1617	-0.023369153927652597
1618	0.025447106592691338
1619	0.013329706202394043
1620	-0.03832960477255787
1621	-0.010576923076922928
1622	0.03445249067368894
1623	-0.04436632523183237
1624	0.003773704572842096
1625	-0.0076138122768772964
1626	-0.009072965745575035
1627	0.022392135445111983
1628	-0.010526646556058394
1629	0.0010162278891041598
1630	-0.08908346816408108
1631	-0.07804827081809618
1632	0.03822907222725869
1633	0.027033910638917247
1634	0.03213235554610838
1635	-0.029690396100775618
1636	0.018677703491457143
1637	-0.050769177344862304
1638	-0.03138832997987939
1639	0.017222494995656534
1640	-0.17836854416515058
1641	-0.2547336074833929
1642	0.27201067184089256
1643	-0.013633330155400913
1644	-0.035134351440170075
1645	0.05494615577260209
1646	0.024926407748551815
1647	-0.024644461944688945
1648	0.08368558537164561
1649	0.019853617916465893
1650	-0.002277610657498985
1651	0.06887194728001034
1652	0.015836557059961454
1653	0.06779324844301637
1654	-0.02195556876439564
1655	-0.10293614920044059
1656	-0.00923063894652143
1657	-0.00918842685584853
1658	-0.057496549344375536
1659	0.03102832822296464
1660	0.06023347685205738
1661	-0.047936029473331754
1662	-0.0036497955235037516
1663	-0.04439932915526523
1664	0.029743210788841568
1665	0.021169716541083572
1666	-0.017612438510189787
1667	-0.014888004649707076
1668	-0.0030407551965145885
1669	-0.0038239176947237885
1670	0.013526481743819208
1671	0.06483610622661073
1672	0.09514332895795397
1673	-0.09809000927930711
1674	0.010974407339134906
1675	0.03125132510706852
1676	-0.03289473684210531
1677	0.02857142857142847
1678	0.010747354497354644
1679	-0.00044986095206944743
1680	-0.03551409516795556
1681	0.013108217027955726
1682	0.0002931077799179782
1683	-0.006530202185106027
1684	-0.0033708338600261234
1685	0.07161882213672688
1686	0.0023276916400363223
1687	0.015271982996142519
1688	0.06129332402884402
1689	0.025205479452054647
1690	-0.031106360235168218
1691	0.012172697852309566
1692	-0.009700977364386243
1693	0.008621954798943454
1694	-0.0015277727256193252
1695	0.05657765310211649
1696	0.004654851389559456
1697	0.014517623640045274
1698	-0.005920162381596761
1699	-0.0225965628722139
1700	-0.01953274607430089
1701	0.011647727272727115
1702	0.01941168211176647
1703	-0.01732034020867057
1704	-0.10323078001261476
1705	0.01957643013441701
1706	0.00325757866094345
1707	-0.007907403162961235
1708	0.03411497439451705
1709	-0.011579848828983219
1710	-0.07059443984027713
1711	-0.0014186121919584904
1712	0.006697243982627832
1713	-0.0032658656559955146
1714	0.01945714170138757
1715	-0.03944131418141417
1716	0.01945637805684064
1717	-0.010697354025689831
1718	0.008560311284046662
1719	0.0258284600389862
1720	0.007442596991290573
1721	-0.006248035209053815
1722	0.02669144687413505
1723	-0.017986442766907973
1724	-0.007844060085500204
1725	-0.0332055184409219
1726	-0.005111011162448387
1727	-0.0353033042906461
1728	0.007455374259787817
1729	-0.0026640730717185646
1730	-0.05198219207123167
1731	-0.02504584283733613
1732	0.02284508463690993
1733	0.022469390500964304
1734	-0.023642424774102944
1735	0.0034143492519880247
1736	-0.0014775016789790874
1737	0.0054703614025648495
1738	0.04232072779165175
1739	0.0002139220468062586
1740	0.006929591924031087
1741	-0.018309260832625296
1742	-0.02142022588601855
1743	-0.0328999734677633
1744	0.04691358024691361
1745	-0.013757861635220192
1746	-0.0017271157167531026
1747	0.045914293319137656
1748	-0.010858039614878967
1749	0.009133399082372096
1750	0.019758647063822687
1751	-0.004250177090712182
1752	-0.013181570908482265
1753	-0.02455262488338561
1754	0.033473894709385776
1755	0.025280780717620965
1756	-0.009600393862312262
1757	-0.005965202982601503
1758	0.007709618269711616
1759	-0.0009511600016541832
1760	-0.02152496067555265
1761	0.0021998477028513097
1762	0.0012663571127056183
1763	-0.004089376053962868
1764	0.0002963213817044341
1765	-0.015488785442234532
1766	-0.002665061898211696
1767	0.008361348159641402
1768	0.0060694135749699285
1769	0.02119976208683827
1770	-0.005949161709031925
1771	0.008537708211266315
1772	-0.014814507428002277
1773	0.0018112126700644549
1774	-0.0023124789774638943
1775	0.0001264275780690216
1776	-0.0012219787628517942
1777	-0.016073914694342495
1778	-0.01449275362318836
1779	-0.02915071353985388
1780	0.011651877744913719
1781	-0.0006644812616284357
1782	-0.006072964227137767
1783	0.004772098831504756
1784	-0.0024412978827288434
1785	-0.005650974459375346
1786	0.022821855282588288
1787	0.004331277070481754
1788	-0.003354242899459847
1789	0.004764194239258668
1790	0.0025230555072213168
1791	0.008765078538574889
1792	0.005462835512732411
1793	0.013903743315508033
1794	0.05409282700421936
1795	-0.009767032263229503
1796	0.004284905812919515
1797	-0.01734825309933985
1798	0.0034817515258263043
1799	-0.0035921299697934117
1800	0.013764850471118528
1801	-0.014951911420027497
1802	-0.01312766655726938
1803	0.008313934153641567
1804	0.0016078496042215562
1805	0.032023050010290266
1806	-0.007378454911657895
1807	0.03250562520090017
1808	0.027824259641203053
1809	-0.02461002574587312
1810	-0.010635820200295076
1811	0.002040175768989405
1812	0.020164447924823747
1813	0.0368067549414699
1814	-0.003923891315614103
1815	-0.010665972944849167
1816	0.0091281319259231
1817	0.0018612269207862742
1818	0.05380099576428621
1819	0.02944080107185676
1820	0.06325992396479085
1821	-0.0647145986341966
1822	-0.011675563974513636
1823	-0.012336214106495547
1824	-0.02409851104368088
1825	0.010954842908275975
1826	-0.019919891281024227
1827	-0.0031746031746031633
1828	0.016472655392049118
1829	-0.009327283203687808
1830	0.004980188302010191
1831	-0.0034001302177529835
1832	0.046639082462253345
1833	0.0012830738287616938
1834	0.010493869917572729
1835	0.004249922884463908
1836	0.002354868434524482
1837	-0.01814776983316302
1838	-0.004681485591427781
1839	-0.0114626158455855
1840	-0.011489796637648486
1841	0.0031732449103289984
1842	0.0007819164060276496
1843	0.009659776972796408
1844	-0.009074920858248237
1845	-0.013204600312367032
1846	-0.0003956834532374831
1847	-0.06941595595379457
1848	0.02037896365042524
1849	-0.0021601546215939127
1850	0.021762248385871485
1851	-0.005092368880793785
1852	-0.015766270641859204
1853	0.006035529911934345
1854	-0.017016941478323222
1855	-0.013050821434054893
1856	3.889234598619673e-05
1857	-0.04048535760121341
1858	-0.08398184176394297
1859	0.03831858407079647
1860	-0.009630955424870025
1861	-0.012306368330464723
1862	-0.01215474427115093
1863	-0.06756339581036386
1864	0.042945655772596014
1865	0.020225840097954695
1866	-0.009956883139974226
1867	0.04000359179275348
1868	-0.013555517181833787
1869	-0.00043763676148789177
1870	0.00468476357267944
1871	-0.009979518019784694
1872	0.00638260410247371
1873	-0.010628526440099706
1874	0.017904509283819703
1875	0.014853420195439782
1876	0.02649034963837904
1877	-0.001167347619444703
1878	0.01527673428499865
1879	-0.023968097352409234
1880	0.002822122067309696
1881	0.007644489247311759
1882	-0.01792413505627355
1883	-0.02296264855687602
1884	-0.0012163864633563115
1885	-0.0016528206689574443
1886	-0.004051757940138567
1887	0.018022747156605456
1888	-0.0021914747335853857
1889	-0.004737091425864537
1890	-8.65388775908027e-05
1891	-0.020598035397464187
1892	0.016259444174435478
1893	-0.0005217164471109648
1894	0.016834138066031512
1895	0.0054329226557152666
1896	-0.003105986469812305
1897	-0.007682458386683799
1898	0.027397849462365675
1899	-0.009042575459454971
1900	-0.0032951713066621258
1901	0.004747170770991405
1902	-0.001434296561906745
1903	0.007899961978792724
1904	-0.0010478665437170243
1905	0.007636470440145926
1906	0.024942744118259252
1907	-0.01283822214999597
1908	-0.0016462260268333972
1909	0.006018633028279208
1910	0.00536797246353049
1911	0.00937436315467699
1912	-0.009287300625883343
1913	0.013980028530670596
1914	0.014269635822815374
1915	0.008362065549082587
1916	0.03313158308442077
1917	0.025525925362346324
1918	-0.029341939313005327
1919	0.008216455841326686
1920	0.022477446743992102
1921	-0.009786839666357738
1922	0.027367002358578807
1923	0.00911012316886528
1924	0.020366892965477446
1925	0.018757078142695338
1926	-0.00941429861738352
1927	0.03335086796422959
1928	0.03013642842598241
1929	0.033241088489161186
1930	0.0430124669196188
1931	-0.048544876497921274
1932	0.03762369875337357
1933	0.1124941941477009
1934	0.10356824760632377
1935	0.011097379505157656
1936	-0.04537404275487045
1937	-0.03368173504050165
1938	0.04131851491306349
1939	-0.03513464384948961
1940	0.02330713747443225
1941	-0.1144863500078902
1942	-0.09498351599394106
1943	0.09563191231006551
1944	-0.0002396285757078065
1945	-0.00599215028312905
1946	-0.04316243180516621
1947	0.04019530634745627
1948	0.011204990763453715
1949	0.006019586116019271
1950	-0.03256727792331504
1951	-0.0118776540094776
1952	0.011148480318883935
1953	-0.005913150600554418
1954	-0.0020447363529337848
1955	-0.011703712902023988
1956	0.02880477461912978
1957	0.08005617977528101
1958	0.016339684514049768
1959	-0.010263684913217608
1960	0.042183064946744286
1961	0.01922662064502223
1962	-0.04278117310897689
1963	-0.005030403537866213
1964	0.0009167175954218898
1965	0.0037745274902167836
1966	0.06917908590704225
1967	0.017300680131371315
1968	0.0022878641517107834
1969	0.04156944303540633
1970	0.012978790756568603
1971	-0.0012259615384615508
1972	0.08264940191099668
1973	-0.03899250828090606
1974	0.005551828633556077
1975	0.016816581931951458
1976	0.04671945701357472
1977	-0.01873986815086992
1978	0.0034142473236704607
1979	0.016793625008232338
1980	-0.004274795975646617
1981	-0.042107545533391244
1982	-0.009484358730589837
1983	-0.001279736739870696
1984	0.012356131158044237
1985	0.02384558009176585
1986	0.002362135193606729
1987	-0.08518885585287961
1988	0.016900594650552492
1989	-0.001491512583157717
1990	0.024089529590288317
1991	-0.011043711798481293
1992	0.006555074329860799
1993	0.009396441446679837
1994	-0.0006221341505564526
1995	-0.006963017615051248
1996	0.006083120501509276
1997	-0.004892458229484031
1998	-0.0008812615955472447
1999	0.060883895826563394
2000	-0.009145607701564362
2001	-0.010069114756994235
2002	-0.004728870647543015
2003	0.0034290324749546297
2004	-0.00598588403466449
2005	-0.02889627898615854
2006	-0.007057244666574092
2007	-0.13252394379325616
2008	0.03433084403373998
2009	-0.006674631207147286
2010	0.005046147410254331
2011	-0.012851196670135234
2012	0.09255257471143197
2013	-0.010468425876790866
2014	-0.06725331513260535
2015	0.01557559127139685
2016	0.03479066416201326
2017	-0.02330092258722305
2018	-0.007587330685405846
2019	0.013443480937965102
2020	-0.038808161612070236
2021	0.0015802365087309589
2022	-0.006652817586578763
2023	-0.020965692503176703
2024	0.006327060350421965
2025	0.004675157182008727
2026	-0.01577877620881485
2027	0.06149122330308132
2028	-0.010725713554332494
2029	-0.02530662940537176
2030	0.003345014335775609
2031	-0.014049849182409924
2032	0.00721895714247367
2033	0.017478418416284836
2034	-0.00636325547292349
2035	0.012096455395967931
2036	0.015779606291011383
2037	0.03947705716482952
2038	-0.010924784217016037
2039	0.013339317326152678
2040	0.026376654692190193
2041	0.010212398715059745
2042	-0.00336971998101554
2043	0.04781180056193146
2044	-0.004976594100804421
2045	-0.00018270262863406828
2046	-0.04086434135087613
2047	0.006715884734460609
2048	0.0017978803936411492
2049	0.009067724567866087
2050	0.009313863147056178
2051	0.0027127289589612413
2052	0.008647998705112458
2053	-0.004974668164416163
2054	-0.019998156851903093
2055	-0.013635508745533209
2056	-0.024025169224902276
2057	-0.025593435576829138
2058	0.01744360902255626
2059	0.021947975169967604
2060	-0.007158869043314864
2061	0.0020878854090800036
2062	0.007437736214749524
2063	0.007887838780270773
2064	-0.0208775739066116
2065	0.0049956136075641755
2066	0.004607065784049791
2067	0.001979194323091349
2068	0.0018789294919665522
2069	0.00540982424082137
2070	-0.02391429118040944
2071	0.0012985103880829296
2072	0.006949032273850575
2073	-0.0010205817315869226
2074	0.012405438933618562
2075	0.0018500276302828578
2076	-0.005371960285865063
2077	0.002338814679075929
2078	0.0019244184647952967
2079	0.019351276079806023
2080	-0.0055585651364911115
2081	-0.017076810118187624
2082	-0.006168674698795229
2083	0.007807196198234889
2084	-4.8116248857366095e-05
2085	0.0069050139543835876
2086	0.001314186040954901
2087	0.0006442991457069613
2088	0.006534233181503923
2089	-0.001919112943350676
2090	-0.002658690594881996
2091	-0.005831389536821052
2092	0.0008618832148243882
2093	0.005262528405693079
2094	0.00280785246876869
2095	0.00785421066369274
2096	-0.0029900645100531253
2097	0.0012987933029493526
2098	0.01096646384604516
2099	0.0032192595702988935
2100	-0.008812928729217573
2101	0.003354760005630286
2102	0.016904767471767057
2103	0.014347466200680614
2104	0.018542025568954568
2105	-0.009035474251123832
2106	0.010779734099892302
2107	0.016619267685744843
2108	0.009113558877524186
2109	0.00924782881770736
2110	-0.04075107296137337
2111	0.0032885170354131077
2112	0.014493399928647843
2113	-0.014176447316365692
2114	0.008271464562013664
2115	-0.017822395188395568
2116	0.013710657841415674
2117	-0.009927376907188923
2118	0.005114401076715902
2119	0.025620424924120755
2120	-0.0023935938723997907
2121	-0.0012869170701914623
2122	0.0056129469063270765
2123	-0.024063938841108468
2124	0.006987715862559973
2125	0.004265193370165843
2126	0.0021565477631317886
2127	0.002261698249928612
2128	0.003658750328630278
2129	-0.007072537163563375
2130	-0.00356145711961664
2131	0.0021400992829565535
2132	-0.02545022235920924
2133	-0.001242488591695734
2134	0.0034606772070298053
2135	-0.009061401136056246
2136	0.009257995541604114
2137	0.0054542586039803
2138	0.008226670552105908
2139	0.007826048290275223
2140	0.0457754246635782
2141	0.10583271806771433
2142	-0.015585059707756477
2143	0.0314116849142525
2144	-0.006275128696501819
2145	0.016032670347122524
2146	-0.0005582433941198062
2147	0.055725190839694516
2148	0.008676789587852562
2149	0.005175277559227087
2150	0.015080621314640608
2151	-0.013708488981801992
2152	0.008565273289551367
2153	-0.010025667085838186
2154	0.005568219387843687
2155	0.023724238176815682
2156	0.12669033130493568
2157	0.05028880054009477
2158	-0.02132643878469309
2159	0.008217298654289662
2160	0.10197316038623572
2161	-0.022740111138844776
2162	0.013267912353811084
2163	0.009644851877893768
2164	-0.03556974666246182
2165	-0.09072577898279222
2166	-0.11510683568581626
2167	0.05127336765104329
2168	0.05806649056117519
2169	0.010093014051058669
2170	-0.057436098384374246
2171	0.03077980844565964
2172	0.00035677721589677525
2173	-0.012947944610708806
2174	0.05259685172966355
2175	0.006790842064416047
2176	0.03482218302029416
2177	-0.05217316563046148
2178	0.02043407290973942
2179	-0.01701818828129631
2180	0.01360615968779677
2181	-0.055671175858480804
2182	0.0433372687918141
2183	-0.01652131929146916
2184	-0.007241151834067261
2185	-0.0006181329294864257
2186	0.03687897202764745
2187	-0.014033047005487909
2188	-0.005898812674884679
2189	0.010574362875618082
2190	-0.005284552845528423
2191	0.02367222146543768
2192	-0.00879748051986462
2193	0.0010740177212924529
2194	-0.009983609000149052
2195	0.00033112582781469335
2196	-0.020327405133760634
2197	0.006220147133356724
2198	0.006303803651016571
2199	-0.00802378316067276
2200	0.00058103975535162
2201	0.00024450625019101224
2202	-0.0006263941088398006
2203	0.0019873725406263087
2204	-0.0010527440001220079
2205	-0.0502031340684852
2206	-0.023911750044221414
2207	-0.1541515650741352
2208	0.10324679118867253
2209	0.017265729821340337
2210	-0.0027072992954081387
2211	0.020516479309504954
2212	0.007502770909710854
2213	-0.002724887873402748
2214	-0.006771434390061781
2215	0.009722340879965818
2216	-0.0052458794463059455
2217	-0.0011908002177464239
2218	-0.004343086827673037
2219	-0.026565627191707186
2220	-0.00370786911749188
2221	0.023353029367669143
2222	-0.01353005050069811
2223	0.0018345738547016488
2224	0.0020404959974884562
2225	0.014010721247563529
2226	-0.003347007432072946
2227	0.011728033616918765
2228	-0.006655659012375192
2229	-0.006683117417232154
2230	-0.0029327536831934564
2231	0.002439615198283507
2232	-0.01556863489652549
2233	0.008117822389760665
2234	-0.0013043931962850586
2235	0.0053811190637897965
2236	-0.005958567172452134
2237	-0.0032933714365371847
2238	0.005769331631671815
2239	0.040935875819152256
2240	0.017884576848573808
2241	-0.00621770158313506
2242	0.007725832012678291
2243	0.00453771050389884
2244	0.02015622706739939
2245	-0.0038524865322826507
2246	0.002182425059374715
2247	-0.03027925446743096
2248	0.003913409620052599
2249	0.0010362182966545674
2250	0.0015280721644401751
2251	-0.0023460314335399524
2252	-0.0005426649783757398
2253	-0.0011517325347986107
2254	0.005962970283982294
2255	-0.0013918454232847433
2256	-0.0010002459621218929
2257	-0.019827982404307054
2258	-0.00256212740304107
2259	0.012239141749072369
2260	-0.0005473362966893491
2261	-0.0018254534592343497
2262	0.008395817054315025
2263	-0.001764104593266591
2264	-0.0013212875947612446
2265	4.9613838953632694e-05
2266	0.005688771291549433
2267	0.00866576775084682
2268	-0.004434228330154277
2269	0.0014901177356760886
2270	-0.004316546762589857
2271	0.004696531791907432
2272	-0.0013892975058024115
2273	0.008281912368856004
2274	0.002629742058016582
2275	-0.003043795029547436
2276	0.0024684541306005947
2277	0.037518832315443396
2278	-0.006963853540479459
2279	-0.0006132171889494664
2280	0.003650094398992998
2281	-0.0013951592676197944
2282	0.004850634977944468
2283	-0.0042960694869711435
2284	-0.003184963208183622
2285	-0.009884471306702114
2286	-0.0011445649063680507
2287	0.0033580545564504405
2288	0.03970180030137205
2289	-0.0037377189235370256
2290	-0.0038895609696337763
2291	0.0007840243508738798
2292	0.03635944700460825
2293	0.011309232661893986
2294	0.005774585959255507
2295	0.04183667521566803
2296	-0.0247290020281139
2297	0.002007830539102473
2298	0.04020496085419434
2299	0.009287797897517658
2300	-0.06631129773281885
2301	0.025128856571320135
2302	4.273017319955663e-05
2303	0.011109370326586987
2304	-0.006352917975517958
2305	0.007796994612985442
2306	0.014798143198762048
2307	-0.00949516231876013
2308	0.0005597772086709529
2309	-0.014965662894946719
2310	-0.0032657929487269755
2311	0.003689616365371684
2312	0.00928238900874323
2313	0.04103501617212757
2314	-0.003714810612200803
2315	0.012785920572722542
2316	0.0012450465888400597
2317	-0.025912901629918883
2318	0.010542065311389015
2319	0.017862236650864505
2320	-0.011036378679904923
2321	-0.007772545103701511
2322	0.006908650773143288
2323	-0.008441497048852664
2324	-0.006429291415806282
2325	0.005319294782155648
2326	-0.0010091367789445416
2327	0.013555203669324056
2328	0.013656749585853056
2329	0.024328023065782745
2330	-0.008690689288401221
2331	0.0028132523814508037
2332	-0.015723065280079274
2333	0.005130312591139274
2334	0.009693884280080667
2335	0.0038272637023879508
2336	0.002589493682416233
2337	0.004568580625064822
2338	-0.00786821705426366
2339	0.013751611516974682
2340	0.00034683417472725075
2341	-0.0028764414310296083
2342	-0.0016613007083065012
2343	0.008823415590613948
2344	0.006546895978517986
2345	0.0023374874550605718
2346	0.0009885806263545405
2347	0.01178794363058544
2348	0.037679889876110595
2349	0.03731262285790082
2350	0.06629076323896999
2351	-0.028457101736864332
2352	0.0
2353	0.008203620366525666
2354	0.030499343262316625
2355	0.0501090971937177
2356	-0.0011212030817654428
2357	-0.012398566544466028
2358	0.004525358692025305
2359	0.03327866470136409
2360	0.021708993008116906
2361	0.01597758222309631
2362	0.09881931675215339
2363	-0.12864075532186614
2364	-0.10430080355789162
2365	0.003058138485149353
2366	0.013489036642028607
2367	-0.0011988544279910585
2368	0.005101246971481954
2369	-0.1315169676128134
2370	0.03142227824249155
2371	0.01817037192480031
2372	-0.00630432937696257
2373	0.0018788965752838394
2374	0.007513669520318622
2375	0.08741267193656777
2376	-0.030711602160816254
2377	0.026581654300884328
2378	-0.0025692295662470555
2379	0.030159814538979424
2380	-0.0010871455905374638
2381	0.002851421357363604
2382	-0.030071842510798086
2383	0.0007384615384615767
2384	0.02364687335785609
2385	0.0026759578836996756
2386	0.0005446563762923073
2387	-0.004311330306692396
2388	0.006757421682794806
2389	0.048613600078198704
2390	0.017545495033609804
2391	0.021925226224769334
2392	0.009014213572118734
2393	0.018587984442557826
2394	-0.015254155158210825
2395	0.008424284772317936
2396	0.024290747264972934
2397	0.005649986661077078
2398	-0.07250660830514732
2399	0.01905082945166292
2400	0.010735658223153477
2401	-0.01170263408441774
2402	-0.0011640508971219043
2403	0.013040507956920022
2404	-0.00014875934704561278
2405	0.023547148850911137
2406	0.016939133468355516
2407	0.0027348700698486272
2408	-0.003221576006386062
2409	0.02733365748553207
2410	0.0384850959575338
2411	0.0012778924604346376
2412	0.04591864055834205
2413	0.003908149943254946
2414	-0.023323615160349864
2415	0.01960750184935378
2416	0.014723706447703044
2417	0.0003701117905841045
2418	0.02807604665046637
2419	0.02683493366921308
2420	0.022166997220164575
2421	-0.014789994545312934
2422	0.005457479119210351
2423	0.004554679756454405
2424	-0.034706071213224554
2425	-0.06953897573599199
2426	0.038675815409295655
2427	-0.06626207683849128
2428	0.06007785039419611
2429	0.03891555434948524
2430	0.010676592305997046
2431	0.003997770939839551
2432	0.008277426516723807
2433	-0.06426366051554533
2434	-0.08625775867948982
2435	-0.09361674333541725
2436	0.052729107043587575
2437	0.02435947584588294
2438	0.07043369514372166
2439	-0.0682874189549536
2440	-0.009275212497128482
2441	-0.09210361052336635
2442	0.028306906459508285
2443	0.003249508434233883
2444	0.07808631787423681
2445	-0.000688902922096557
2446	-0.002412822427758976
2447	-0.00382954218255116
2448	0.03969515661280831
2449	0.006496094003391573
2450	0.010385592752182315
2451	0.04570803717878613
2452	-0.0050454878176303675
2453	-0.010422414321623497
2454	0.052067937019303345
2455	0.0015058467233111106
2456	-0.00815630538685752
2457	0.01995291248157982
2458	0.001967882823787459
2459	0.011626654291420513
2460	-0.006725428838245673
2461	-0.029962145266508755
2462	0.000960720965822004
2463	-0.00028878903960649627
2464	-0.0001614287292160954
2465	0.01462440516655339
2466	0.0101171681979213
2467	0.007553333499158654
2468	0.018836405529953915
2469	0.00932888562220846
2470	-0.007002016580775261
2471	0.006648453932258214
2472	-0.0007685287477785518
2473	0.012922815619542005
2474	0.01765389817370755
2475	0.03596993696711559
2476	-0.0024682836800685726
2477	0.005008949925542794
2478	0.011696650402610365
2479	0.047266460045417125
2480	0.021274041008327416
2481	0.02740104984335323
2482	0.02100905388576635
2483	-0.00592710778237826
2484	0.024884431975699117
2485	0.00592768994816506
2486	0.07077744539869402
2487	0.01984415459575728
2488	0.032288659793814345
2489	0.03822383025834464
2490	-0.07305047573503942
2491	0.04586720746683737
2492	0.004995067300168854
2493	-0.03589743589743588
2494	0.011949067247150058
2495	0.041611250534886235
2496	0.04424027091544991
2497	0.04306774624001197
2498	0.03984709480122328
2499	0.001965512846905604
2500	0.03924292751652225
2501	0.06974642371293682
2502	0.0759929243414974
2503	-0.05645979192566919
2504	-0.027015195776735612
2505	-0.0857324857788132
2506	0.0665503817426174
2507	0.04074425998848796
2508	-0.037599694496995406
2509	0.0505302045563385
2510	0.047457170890967015
2511	0.033137835989472064
2512	0.02119473641980263
2513	-0.008395438098867336
2514	0.07167024555676171
2515	0.06119868685673713
2516	-0.062354990419787426
2517	0.03985495130985961
2518	0.004519826495830159
2519	0.03159246362171575
2520	0.025239203516938202
2521	-0.10650254754578015
2522	0.02116103388701318
2523	-0.09057165710157422
2524	-0.010055648550827412
2525	0.027071067694046214
2526	0.058407545304514974
2527	-0.043516251741930634
2528	0.03042259289010696
2529	0.052567620241361634
2530	-0.027868340606597597
2531	0.016888131997819134
2532	-0.004579776997546747
2533	-0.04439246302165378
2534	-0.018698480724310462
2535	-0.037602001872821145
2536	0.05629484270558649
2537	-0.002326076439284064
2538	-0.0075143342617951525
2539	-0.030394352654228962
2540	-0.02257509241678457
2541	0.04613113036735794
2542	0.014196951657033718
2543	0.01743460565137811
2544	0.004027020005196169
2545	-0.005182924508916109
2546	-0.03838974233429204
2547	0.02027940872277112
2548	-0.02083154636120499
2549	-0.06665923398223317
2550	-0.00841716367607781
2551	0.033902826239410766
2552	-0.01691572100920069
2553	-0.05429555882900727
2554	-0.11596700340618671
2555	-0.03087976183243213
2556	0.16681556248661233
2557	0.0388825955162333
2558	-0.016226839580558816
2559	0.2556054990405594
2560	-0.06662200542913166
2561	0.06035333522735775
2562	-0.028175270488942528
2563	0.0024704256314820316
2564	-0.06544064962980656
2565	-0.009049090444439245
2566	0.05184021631675395
2567	0.042672778875729955
2568	-0.026097799946557365
2569	0.01206877629412828
2570	0.042212334040607535
2571	-0.047265778092235644
2572	-0.009632361239028775
2573	0.032883298474929434
2574	0.024377310951284592
2575	0.13351097276697166
2576	-0.009430550447468433
2577	0.05256139330389864
2578	0.008074875584598074
2579	-0.023499874612903815
2580	0.022957545859847883
2581	0.06676066287762672
2582	0.059449371574306964
2583	0.04932818820028828
2584	0.0653128538374439
2585	-0.03842012597217148
2586	0.05424277812219147
2587	-0.024725349865523882
2588	-0.04055930001028296
2589	0.010980739860231736
2590	-0.02020262863063038
2591	-0.015123198740963018
2592	0.021123068088187535
2593	0.012565713866542927
2594	0.042805155164461484
2595	0.010666110898838621
2596	-0.0027747163992383195
2597	-0.0015049514050042845
2598	0.010253696139906898
2599	0.04714929014124292
2600	-0.0031083394419779697
2601	0.03318554141155805
2602	0.03943730979850546
2603	-0.07071527982364356
2604	0.008553063098517555
2605	-0.07489182556818685
2606	0.03318843806019989
2607	0.04754506609088516
2608	0.003656865228602868
2609	-0.06669039606523441
2610	0.002006263795952812
2611	-0.02058531116713913
2612	-0.0065922574536788625
2613	-0.013983261812750336
2614	-0.06940022890558128
2615	-0.16205762358893006
2616	0.14513363839313254
2617	-0.003995950196027831
2618	-0.00251695089377435
2619	0.11130444681145146
2620	-0.0469041138653945
2621	-0.006601909947901219
2622	-0.06823263337935581
2623	-0.004544863944355826
2624	0.05198523673708566
2625	-0.03181081409285058
2626	0.07234043713463056
2627	-0.010203848119547554
2628	0.08207670768361286
2629	-0.003929063197379068
2630	-0.005448500232383413
2631	0.04501304882344903
2632	0.009739440721732384
2633	-0.00040199042036392907
2634	-0.01979860587278348
2635	-0.022140939877334898
2636	0.024363186414643412
2637	0.011685919508312104
2638	0.014609075147417494
2639	0.039652284475665045
2640	0.035949866643537165
2641	-0.002957620005484052
2642	0.012772496725000915
2643	0.126118320135981
2644	0.03766874914866136
2645	0.03325196992865331
2646	-0.02344666086380265
2647	0.012515514737682087
2648	-0.027911232730196023
2649	-0.004063530395207349
2650	0.022027213885645658
2651	0.05167188720135463
2652	0.0022592610514406974
2653	-0.0039606103235581
2654	-0.013246173234874314
2655	-0.0661510499507928
2656	0.04007197428660558
2657	0.026789326822462378
2658	-0.020899821829231113
2659	-0.006583329863857901
2660	0.07350072730638213
2661	-0.0037803862370517916
2662	0.05338750024492667
2663	0.04441626726024772
2664	0.042600084894431234
2665	0.01812291008582423
2666	0.029596818845321504
2667	0.003496835872783155
2668	-0.058233586618941735
2669	0.020622971219517172
2670	0.048095455985357694
2671	-0.04228301694168468
2672	-0.07907747850858182
2673	-0.0344116482378386
2674	-0.07282968393623823
2675	0.10961309123819984
2676	0.011438953154106368
2677	0.10400996807668861
2678	0.07832524625097137
2679	-0.019574263275305426
2680	0.010514353989311553
2681	0.03363745371685334
2682	0.025122347885768948
2683	-0.01755311600557452
2684	0.016614876351393804
2685	-0.02685514083951146
2686	0.023384551645304397
2687	0.0675409716125257
2688	0.06439177172464117
2689	0.04451183784375479
2690	0.017757777503801364
2691	-0.006882669563216037
2692	0.011069480557763578
2693	0.09196059822494962
2694	0.004719434846296222
2695	0.03055880609160133
2696	0.03358464762795643
2697	0.0037181980934126724
2698	0.17848776862861748
2699	0.22551541611846782
2700	-0.04763710578618441
2701	-0.07503858830068777
2702	0.014564029044519478
2703	0.11108329570506537
2704	0.021002876443226848
2705	-0.04665679382342447
2706	0.011118806495067801
2707	0.06903972635264566
2708	0.09887275381500005
2709	-0.014462285524946772
2710	-0.004898322695561785
2711	-0.07635439419111623
2712	-0.060588231937319104
2713	-0.05041012709900461
2714	-0.1258402571116395
2715	0.053530304128000195
2716	-0.04212910673873982
2717	0.003157371854140001
2718	0.1390155340409398
2719	-0.021573236797879702
2720	-0.0660286547522676
2721	-0.00042573287866276566
2722	-0.1293063017932169
2723	0.10524501417226317
2724	-0.029278576792006072
2725	0.09737907664478973
2726	0.02727981927772105
2727	0.0015478385022518193
2728	0.11690979230675991
2729	0.012829420375846778
2730	-0.05498040448862407
2731	-0.07714922702265692
2732	-0.033898520115623665
2733	0.031170473787883957
2734	-0.10800838366458909
2735	0.04006068502847149
2736	0.029038688147478675
2737	-0.042440841613354485
2738	-0.0004875856299348946
2739	-0.1723513385436305
2740	-0.010617337130367388
2741	0.0011484676646331682
2742	0.03098200352198366
2743	0.10954749968754784
2744	-0.09652814390555653
2745	-0.06367224736426969
2746	0.004041788262447055
2747	0.052567499491169345
2748	-0.02214975562209176
2749	-0.006412923557629124
2750	0.032015813836205886
2751	0.026879388745439492
2752	-0.04536045153954782
2753	-0.10029330734069497
2754	0.011833078401070063
2755	-0.10874696632201875
2756	-0.026758913054926503
2757	0.042887805185992
2758	-0.11168412553087315
2759	-0.15587274353405
2760	0.11015729961309373
2761	-0.01409251744846618
2762	0.08797506032093905
2763	0.052797042377815906
2764	-0.01466511361036138
2765	-0.056560111747881225
2766	0.10225106715104393
2767	-0.041136672999471435
2768	0.11012102252978151
2769	0.05778313324140494
2770	0.015445870188115052
2771	0.08916518545490937
2772	-0.06127486097857027
2773	0.07344082832000454
2774	0.00663102694620421
2775	-0.06882910478721949
2776	-0.06045798089233967
2777	0.033260695616148084
2778	-0.04616771051279012
2779	-0.009851912220925074
2780	0.07454545265350765
2781	0.025977824044932873
2782	-0.024570636805364088
2783	0.057567705652168843
2784	0.010407736219013586
2785	0.03823557110671616
2786	0.003406783563708382
2787	-0.0055361330688553645
2788	-0.061646415919263786
2789	-0.07516126478163476
2790	-0.06162424359625163
2791	-0.006865076979881257
2792	-0.04922747374837344
2793	0.08497749870130167
2794	-0.042189287615088444
2795	0.001965620778482169
2796	-0.10288293166465068
2797	0.006170826386945105
2798	0.0017923639490542431
2799	-0.04826378115783336
2800	0.04210719925920747
2801	0.04963118046595416
2802	0.0345083113575797
2803	-0.0010492438382145863
2804	-0.020913778495963098
2805	0.024048192660613532
2806	-0.04328468460402024
2807	-0.008799657466138422
2808	-0.03784327332983983
2809	-0.04216285174554113
2810	0.019376370305104196
2811	-0.1071838668907934
2812	-0.03558090906788314
2813	0.013132937249042964
2814	-0.015543429577880685
2815	0.034927675311300366
2816	0.05084386396404028
2817	-0.08323581238314304
2818	-0.003675445675298983
2819	-0.02291306172639518
2820	0.04255402525448915
2821	0.019186954258948674
2822	-0.03693517089555631
2823	0.012009667826786252
2824	0.015435732717029582
2825	0.13624513231084978
2826	-0.003610112857022063
2827	0.015622013112869704
2828	0.04415326375411177
2829	-0.03545058752042851
2830	-0.01957233931163882
2831	0.033873079151639285
2832	0.013658186364768454
2833	0.06929323931378906
2834	0.006605775773114608
2835	-0.01257425255043787
2836	0.016421181953360175
2837	0.07666155604493641
2838	-0.0810033793265581
2839	0.04603532718326897
2840	-0.037022792206952926
2841	0.04620477553764801
2842	0.005942381251289985
2843	-0.016858650542572406
2844	-0.0185079661997416
2845	0.01706568487476412
2846	0.05555019989839893
2847	-0.0046618587507081255
2848	0.015082049690657628
2849	-0.020412557511248264
2850	-0.027694371752176372
2851	-0.01937339314829367
2852	0.013595936551571208
2853	-0.030998287766758725
2854	-0.06767107089951296
2855	0.007798361239757856
2856	0.026251757167416567
2857	-0.004197734417518362
2858	-0.02222324712610546
2859	-0.0159643214278975
2860	-0.03280374078166237
2861	0.02191415232733318
2862	0.0001612529719650091
2863	0.03439832033011525
2864	-0.01328372202039152
2865	-0.050702820188487596
2866	-0.06092771574239153
2867	0.010521238993467685
2868	-0.01442106123611353
2869	-0.01609287044369756
2870	0.0009748390903676629
2871	-0.033053843740279754
2872	0.04998960510642125
2873	-0.010934144954680702
2874	0.014761220719002432
2875	0.003785581466646315
2876	0.014967034280364722
2877	0.01000750988452559
2878	-0.02805142653583348
2879	0.016819490350783672
2880	0.004245419036883691
2881	0.00500144222172616
2882	-0.009427138053871853
2883	-0.014923592465178825
2884	-0.0984829025418934
2885	0.016778077629426624
2886	-0.04797622314468375
2887	-0.037595280725460256
2888	0.05274284002833407
2889	-0.037112803051513876
2890	0.016631987381013014
2891	-0.006968984023004499
2892	0.0398031521668436
2893	0.003940537497654439
2894	0.0029653122255715036
2895	-0.006009226077349439
2896	-0.09956938624892864
2897	0.019015214485075482
2898	-0.0014205697198105272
2899	0.016656977027435405
2900	-0.027468112805194567
2901	0.008734657273926194
2902	-0.04400991928773912
2903	0.05663500974233915
2904	0.029269157613075913
2905	-0.007257203173499538
2906	0.04363752240086827
2907	-0.016034681346985824
2908	0.012363316834573146
2909	-0.008383838690391276
2910	0.010284920296075972
2911	0.02363821981757086
2912	-0.00750213078270745
2913	-0.005745909729283238
2914	-0.054280804457746745
2915	0.013875389457494558
2916	-0.02201314908763341
2917	-0.003801010617884182
2918	0.006247361484984282
2919	0.015235892323030908
2920	0.059125491416126996
2921	0.08695877932809637
2922	0.007737453423778851
2923	0.012746177568840222
2924	-0.019200267469073884
2925	0.009745116192818815
2926	-0.0009128473816403249
2927	0.043164689726760574
2928	0.08782327027727388
2929	-0.02686932306790757
2930	-0.028515721099650726
2931	0.03094774638571307
2932	0.00586345410973399
2933	-0.0017118482007369984
2934	-0.004955712578406657
2935	-0.053908606345843824
2936	-0.01608211704781981
2937	-0.009008133072304081
2938	-0.016538633898763533
2939	-0.053886701898188116
2940	0.0034910778025873945
2941	-0.013718354138296918
2942	-0.03204391731382217
2943	-0.06517571219700102
2944	0.041084992569633716
2945	-0.05957751817142576
2946	0.014484651599682152
2947	0.012876168995312742
2948	-0.009445003257988471
2949	-0.010154553582833015
2950	0.012036260403897048
2951	0.00790377130543729
2952	0.04227672874422206
2953	-0.028136170264414728
2954	0.015060001155219327
2955	-0.0357234035354298
2956	0.03528126445397861
2957	-0.019254025890795168
2958	0.027146790907505824
2959	0.025999587089670317
2960	0.0060516085950728105
2961	-0.004290650057188872
2962	0.029034610005058914
2963	0.02539862024688655
2964	-0.005553220952762339
2965	-0.007549631310266536
2966	0.004029285187661769
2967	0.02511754727506621
2968	0.013576808922378891
2969	-0.004274604657278358
2970	0.013728928961973974
2971	-0.09020931198150306
2972	-0.028278769819076066
2973	-0.015906879372319827
2974	-0.03300487540121466
2975	0.007888506103068238
2976	0.01205939443789239
2977	-0.004568000594520005
2978	0.006603087264952512
2979	0.024441740793516242
2980	-0.0009226740603819339
2981	0.005561200183163306
2982	-0.0030113092755685855
2983	-0.03705685865613528
2984	0.013568677053987344
2985	0.008250294653380674
2986	0.016737513283740624
2987	0.03937349175363902
2988	-0.006722803406062683
2989	-0.0020694994491261554
2990	-0.017779402330404204
2991	-0.022144654919169504
2992	0.003861603606234665
2993	0.034588246216692875
2994	-0.0075903400023631384
2995	-0.004766870925252187
2996	0.0030225250804467585
2997	-0.004337448348433193
2998	-0.010539834844078277
2999	-0.005089288587642016
3000	0.013482208044656163
3001	0.008067126762404175
3002	-0.006472311382553886
3003	0.0017010777032870905
3004	0.007410829931148388
3005	-0.002748843245259036
3006	-0.007648010567282815
3007	-0.05646498213816287
3008	0.0066640148031957835
3009	0.0026268427493860713
3010	0.0016689882516629506
3011	0.053304299484049134
3012	-0.004432608024971363
3013	-0.0012957519690720565
3014	-0.013050382385330073
3015	-0.002995968388218362
3016	0.0032893923280490345
3017	0.002975089976827716
3018	-0.004092247617847988
3019	-0.002006715788272051
3020	0.0009319621280265977
3021	-0.002081451457247585
3022	-0.0008603122190640189
3023	0.002007058776158699
3024	8.809660333497504e-05
3025	-0.024236795173349535
3026	-0.0007602262306558583
3027	0.00530978220382905
3028	0.006100012455440451
3029	0.002093617288013272
3030	-0.0028680180025209
3031	0.014229210579142837
3032	-0.005150725601317463
3033	0.0071466984988515225
3034	0.007710209700419135
3035	-0.01280614057656726
3036	-0.01055993893944529
3037	0.0028817856409308895
3038	0.0018463597321607406
3039	-0.00516527313527404
3040	-0.005632870489468367
3041	-0.09428679148847563
3042	-0.016366888619116726
3043	-0.010841965471447446
3044	-0.003102248906694638
3045	0.008317561331240952
3046	-0.14347332091479292
3047	-0.07647381705831224
3048	0.034046931318538975
3049	-0.059298416734885784
3050	0.005263060444189227
3051	-0.11265546504827995
3052	0.038929869671597395
3053	-0.05483311064770302
3054	0.010146409518600352
3055	0.11523964226953254
3056	0.0054274020475892915
3057	-0.06462328743156132
3058	0.046834278132614315
3059	-0.012769627346061796
3060	-0.06574787758273681
3061	0.019897143418031282
3062	-0.05341603266100026
3063	-0.06751785269951016
3064	-0.018538497294257272
3065	0.011840131907839835
3066	0.03807204130514541
3067	-0.034980683804455626
3068	-0.01907613147359799
3069	0.024866069590887552
3070	-0.05177889539504077
3071	-0.02106737748516696
3072	-0.0009179472597573568
3073	0.007071903876554098
3074	0.08994983673130852
3075	0.04725226101195257
3076	0.005568039614085585
3077	0.10735065060189375
3078	-0.05772586437745009
3079	0.03755761373342126
3080	-0.009297347005369216
3081	0.01854462612566521
3082	-0.060564191134139245
3083	0.0036638824636936462
3084	-0.052663441402210576
3085	0.0827653733177185
3086	-0.03819790975363868
3087	0.026112307943514157
3088	-0.03819609312639727
3089	0.03542732408422933
3090	0.020839400538638975
3091	-0.03159547691119191
3092	0.009958653339798618
3093	-0.004819233568917336
3094	0.06418546502429079
3095	-0.012783796629172506
3096	-0.0023824807426426897
3097	0.0018783641650683691
3098	-0.09391256663224923
3099	0.0002862478361025378
3100	-0.0013136378502125456
3101	-0.03087561879499401
3102	0.04298780144400283
3103	-0.02231701719808854
3104	0.006282378411814671
3105	0.011336474578689915
3106	-0.010107725286950808
3107	0.022403749948602725
3108	-0.04344760280767235
3109	0.001174416225443009
3110	0.008432439696297811
3111	-0.00832583758092631
3112	0.007410310605954429
3113	-0.004343452308171125
3114	0.0037986095023849753
3115	-0.008736271374947924
3116	-0.03132047527685211
3117	-0.010184107348657268
3118	0.01432311855481605
3119	-0.009540812353448391
3120	0.008007850605539213
3121	0.013591862792961651
3122	-0.016832541012574476
3123	-0.005328123097616544
3124	0.00478544199764519
3125	-0.015306033657611295
3126	-0.005761600523139121
3127	0.08434730826319203
3128	-0.0021229334185784987
3129	0.009002644937655013
3130	-0.020026376202803564
3131	0.0016808165390131968
3132	-0.0031901277433301622
3133	-0.004756133748582192
3134	0.0013291647161104425
3135	0.006609173811531477
3136	0.014840043790293134
3137	0.06582818476022356
3138	0.002982694239336281
3139	0.012692903594071714
3140	-0.009312917552622646
3141	0.011808363643752706
3142	0.04156112794431066
3143	-0.090976575586454
3144	0.019591051060287246
3145	-0.007185002769463655
3146	0.003363122989721967
3147	-0.001918699356778908
3148	0.0021211653593558033
3149	0.0029910113063358335
3150	-0.007970460116473399
3151	-0.021254829748892368
3152	0.03829784953152804
3153	0.00020649530997540744
3154	0.0019690424208640422
3155	-0.0037577814923467345
3156	0.020610027869556014
3157	-0.004534239843555943
3158	-0.013982757567738147
3159	0.0035304227990988757
3160	-0.0026050707586593447
3161	0.0007735068738976558
3162	0.0117585226101653
3163	0.025446387646801183
3164	-0.0072038559626125265
3165	-0.0022886443221611374
3166	0.008847161462576913
3167	0.008103594805349834
3168	-0.01474579404695886
3169	0.000978250807494918
3170	0.0015921656452144717
3171	-0.003269107433850449
3172	-0.017415644536580066
3173	0.0045024270298503755
3174	0.026320195219952325
3175	-0.0023554243965615562
3176	0.018563341550124512
3177	0.0016417845103104955
3178	-0.001320987924130712
3179	0.009392879113183872
3180	0.18201680429357414
3181	0.014196248978485482
3182	-0.012705487090558076
3183	0.02724612078089117
3184	0.00198524735349892
3185	0.02845617677591572
3186	0.0178671680932716
3187	-0.01752709153036691
3188	0.022552054294118884
3189	-0.05077275974880602
3190	0.0065246327665708925
3191	-0.00016530552002369525
3192	0.016716332130077616
3193	-0.024841305639820344
3194	0.03484824121002039
3195	0.004498533420554285
3196	0.010215306344604658
3197	0.0010926792381491524
3198	0.0057879003612482105
3199	-0.0038376472443666376
3200	0.016761092703374114
3201	0.02677272196445757
3202	-0.015258796555397192
3203	-0.05351649439553552
3204	0.013833927018383818
3205	-0.0008807643735588844
3206	0.008216878159970076
3207	-0.0065415508919003384
3208	0.021512191769314848
3209	0.007270158336198929
3210	0.020628847730975286
3211	0.0459321688797103
3212	0.0150694026815541
3213	-0.007866330598210958
3214	-0.007933878021587404
3215	0.012421344532259848
3216	0.030782343025343772
3217	0.02888120946003392
3218	0.030189761437209528
3219	0.13102107642149075
3220	-0.02972038668624566
3221	0.10486655211010043
