0	0.04999999999999982
1	-0.023809523809523836
2	-0.04268292682926822
3	0.14012738853503182
4	0.2793296089385475
5	0.1353711790393013
6	-0.015384615384615441
7	-0.10937500000000011
8	0.12280701754385981
9	0.04296875
10	-0.2134831460674157
11	0.014285714285714235
12	-0.0938967136150235
13	-0.12435233160621761
14	0.10059171597633143
15	-0.021505376344086002
16	0.0219780219780219
17	0.032258064516129004
18	-0.03124999999999989
19	0.0
20	-0.06451612903225812
21	-0.028735632183908066
22	0.035502958579881616
23	-0.005714285714285672
24	-0.017241379310344862
25	-0.0292397660818714
26	-0.030120481927710774
27	-0.08695652173913049
28	-0.061224489795918435
29	0.03623188405797095
30	-0.04895104895104885
31	0.0
32	-0.08823529411764708
33	0.0
34	-0.040322580645161366
35	0.24369747899159666
36	-0.05405405405405406
37	-0.02857142857142847
38	0.0588235294117645
39	0.01388888888888884
40	0.013698630136986356
41	0.0
42	-0.006756756756756799
43	-0.04081632653061229
44	0.007092198581560183
45	-0.05633802816901401
46	-0.007462686567164201
47	-0.03007518796992481
48	0.007751937984496138
49	-0.015384615384615441
50	0.0390625
51	-0.007518796992481258
52	0.007575757575757569
53	-0.03759398496240607
54	-0.0234375
55	-0.016000000000000014
56	0.024390243902439046
57	-0.015873015873015928
58	0.008064516129032251
59	-0.03200000000000003
60	-0.008264462809917328
61	-0.008333333333333304
62	0.04201680672268915
63	0.032258064516129004
64	-0.015625
65	-0.0634920634920636
66	0.016949152542372836
67	-0.008333333333333304
68	-0.03361344537815125
69	0.034782608695652195
70	-0.01680672268907568
71	-0.008547008547008517
72	0.02586206896551735
73	-0.01680672268907568
74	-0.008547008547008517
75	-0.051724137931034364
76	-0.06363636363636371
77	-0.01941747572815533
78	-0.020297029702970315
79	0.002021222839817982
80	0.16994452849218344
81	-0.06896551724137923
82	-0.03703703703703709
83	0.009615384615384581
84	-0.00952380952380949
85	-0.009615384615384581
86	0.01941747572815533
87	0.0
88	-0.01904761904761909
89	-0.009708737864077666
90	0.009803921568627416
91	-0.04223300970873789
92	-0.04064875823618852
93	-0.04902789518174133
94	0.026666666666666616
95	-0.02705627705627711
96	-0.013014460511679649
97	-0.04147413501634167
98	0.05820105820105814
99	0.08933333333333326
100	0.07099143206854341
101	-0.06095238095238098
102	-0.05050709939148068
103	-0.0019226660969878795
104	-0.022260273972602773
105	0.009851138353765387
106	-0.011597658790374998
107	0.008772891764447843
108	-0.016306120230459853
109	-0.009835340921648839
110	0.03314732142857135
111	-0.018796586367073487
112	-0.0202576241329957
113	-0.02202494662321619
114	-0.008617718028266053
115	-0.011358368103847938
116	-0.013012895662368074
117	-0.0052262739042641115
118	-0.031164179104477663
119	-0.04868129159477441
120	0.07954398238113747
121	-0.06144245769830792
122	-0.010612453650428288
123	-0.02597570431636087
124	-0.013533236035557894
125	0.0016139878950907072
126	0.02913925070498169
127	0.04149269311064718
128	-0.03670759208218488
129	-0.014566263493302145
130	0.08222251550745674
131	-0.055853658536585304
132	0.06897442521312325
133	-0.01196230062832293
134	-0.004524886877828149
135	0.03538083538083536
136	0.10678690080683428
137	-0.02240566037735836
138	0.07193771246847236
139	0.011253196930946396
140	0.09256449165402136
141	-0.0092592592592593
142	-0.06747663551401872
143	0.05231509320505112
144	0.1333333333333333
145	-0.04201680672268915
146	-0.00877192982456143
147	-0.0265486725663715
148	-0.036363636363636376
149	0.037735849056603765
150	-0.036363636363636376
151	-0.028301886792452824
152	0.01941747572815533
153	0.06666666666666665
154	0.24999999999999978
155	0.07857142857142874
156	-0.039735099337748325
157	-0.034482758620689724
158	0.021428571428571352
159	0.034965034965035
160	0.17567567567567566
161	-0.08620689655172409
162	-0.05031446540880502
163	-0.052980132450331174
164	0.006993006993007089
165	-0.03472222222222221
166	0.02877697841726623
167	-0.10489510489510478
168	-0.03125
169	-0.016129032258064502
170	0.0
171	-0.016393442622950838
172	-0.008333333333333304
173	0.01680672268907557
174	0.0
175	-0.03305785123966942
176	0.14529914529914545
177	0.05970149253731338
178	-0.035211267605633645
179	0.021897810218977964
180	-0.02142857142857124
181	-0.06569343065693434
182	0.0390625
183	-0.03759398496240607
184	0.0234375
185	-0.01526717557251911
186	0.03875968992248069
187	0.014925373134328401
188	-0.007352941176470562
189	0.007407407407407307
190	-0.022058823529411797
191	0.037593984962405846
192	-0.007246376811594013
193	0.058394160583941535
194	0.006896551724137945
195	-0.020547945205479423
196	-0.10489510489510478
197	-0.015625
198	-0.023809523809523836
199	-0.008130081300813052
200	-0.024590163934426257
201	0.050420168067226934
202	0.008000000000000007
203	-0.023809523809523836
204	0.0
205	-0.008130081300813052
206	0.0
207	0.0
208	0.032786885245901676
209	-0.031746031746031744
210	0.0
211	-0.008196721311475419
212	0.0
213	0.024793388429751984
214	0.0
215	-0.008064516129032251
216	0.13008130081300817
217	-0.014388489208632893
218	0.05109489051094873
219	-0.00694444444444442
220	-0.04195804195804187
221	0.05109489051094873
222	-0.04166666666666674
223	-0.0724637681159419
224	0.03125
225	-0.037878787878787956
226	0.0866141732283463
227	0.021739130434782705
228	0.16312056737588643
229	0.0060975609756097615
230	0.07272727272727275
231	0.17514124293785316
232	-0.16826923076923084
233	-0.06358381502890165
234	0.19753086419753085
235	-0.036082474226803996
236	0.2727272727272727
237	-0.04201680672268915
238	-0.01754385964912264
239	0.0758928571428572
240	-0.08298755186721996
241	0.03167420814479627
242	-0.07894736842105254
243	0.06666666666666665
244	0.03571428571428559
245	0.22844827586206917
246	-0.007017543859649145
247	-0.028268551236749095
248	-0.021818181818181848
249	-0.044609665427509326
250	0.035019455252918386
251	0.03383458646616533
252	-0.029090909090909167
253	0.029962546816479474
254	-0.010909090909090868
255	-0.022058823529411797
256	-0.007518796992481258
257	-0.026515151515151603
258	0.023346303501945442
259	-0.0076045627376425395
260	0.00766283524904221
261	0.02281368821292773
262	-0.03717472118959109
263	-0.0038610038610037423
264	0.09302325581395343
265	0.0957446808510638
266	0.03883495145631066
267	-0.02180685358255452
268	0.01273885350318471
269	0.10062893081761004
270	0.15142857142857147
271	-0.032258064516129115
272	0.17948717948717952
273	0.0869565217391306
274	-0.016000000000000014
275	0.11788617886178865
276	0.15999999999999992
277	0.03918495297805635
278	-0.03318250377073906
279	0.046801872074883066
280	0.09836065573770503
281	-0.04341926729986434
282	-0.024113475177305
283	-0.04941860465116277
284	-0.03669724770642202
285	-0.031746031746031744
286	0.05245901639344264
287	-0.02180685358255452
288	-0.052547770700636987
289	-0.003361344537815225
290	0.11467116357504237
291	-0.062027231467473576
292	-0.01774193548387104
293	-0.06239737274220036
294	0.1471103327495622
295	0.12977099236641232
296	-0.06756756756756754
297	0.15362318840579703
298	0.05527638190954787
299	0.27857142857142847
300	0.7039106145251397
301	-0.14098360655737707
302	-0.08078880407124689
303	0.01730103806228378
304	0.06802721088435382
305	0.04267515923566889
306	0.0629199755650578
307	-0.039080459770114984
308	-0.03827751196172258
309	0.032960199004975266
310	-0.04093919325707407
311	0.0847457627118644
312	-0.01215277777777779
313	0.005858230814294263
314	-0.004076878276062956
315	0.010526315789473717
316	-0.0028935185185186008
317	0.1027278003482297
318	0.13578947368421046
319	-0.09916589434661716
320	0.03600823045267476
321	-0.12115193644488587
322	-0.031073446327683607
323	0.005247813411078717
324	0.2749419953596288
325	-0.07779799818016386
326	0.060680809077454434
327	-0.04046511627906979
328	-0.0707707222491516
329	0.009389671361502261
330	0.02067183462532296
331	-0.07139240506329114
332	0.004362050163577047
333	-0.0418023887079263
334	0.031161473087818692
335	0.02912087912087924
336	-0.052322477309129756
337	-0.019718309859155014
338	-0.051724137931034364
339	0.056969696969697114
340	-0.014334862385321112
341	0.012216404886561838
342	-0.0034482758620688614
343	0.012687427912341231
344	-0.08428246013667429
345	0.012437810945273853
346	-0.04422604422604426
347	-0.08740359897172245
348	-0.011971830985915477
349	0.3364219529579473
350	-0.06399999999999995
351	-0.031339031339031376
352	-0.13764705882352946
353	-0.05047748976807642
354	0.07902298850574718
355	0.04327563249001343
356	-0.09763880025526483
357	0.1393210749646392
358	-0.009931719428926122
359	0.05391849529780557
360	-0.042831647828673325
361	-0.008701056556867703
362	-0.08087774294670846
363	-0.0034106412005457942
364	-0.010266940451745254
365	-0.03388658367911479
366	0.020758768790264837
367	-0.028751753155680237
368	-0.007942238267148016
369	0.06113537117903922
370	-0.004115226337448541
371	0.05303030303030298
372	-0.02092871157619347
373	0.04008016032064132
374	0.0
375	-0.017983301220295567
376	0.04970568999345981
377	-0.04423676012461064
378	-0.008474576271186418
379	-0.0032873109796187627
380	-0.03364116094986802
381	-0.03617747440273045
382	-0.009915014164305846
383	-0.0400572246065809
384	0.049180327868852514
385	-0.017755681818181768
386	-0.02819956616052066
387	0.005208333333333259
388	0.01850481125092518
389	0.06540697674418605
390	-0.017053206002728527
391	0.06037473976405261
392	-0.00981675392670145
393	0.0013218770654328527
394	0.00858085808580844
395	0.04777486910994777
396	-0.01686445971267969
397	0.012071156289707785
398	0.0018832391713747842
399	0.05137844611528819
400	0.33611442193087004
401	-0.11329170383586096
402	-0.035211267605633756
403	-0.1428571428571428
404	0.038929440389294134
405	0.12763466042154592
406	-0.0389408099688473
407	-0.09508373851971919
408	-0.025671641791044753
409	-0.0667892156862745
410	-0.0006565988181220783
411	-0.013797634691195881
412	-0.059960026648900766
413	-0.2785258681785967
414	0.11984282907662092
415	-0.018421052631579005
416	-0.01429848078641649
417	0.0933816863100636
418	-0.04311774461028206
419	-0.023396880415944454
420	-0.10913930789707194
421	0.010956175298804993
422	0.04236453201970436
423	-0.016068052930056753
424	0.0566762728146013
425	0.044545454545454666
426	0.1279373368146215
427	0.021604938271604812
428	-0.04078549848942603
429	0.04173228346456703
430	-0.023431594860166327
431	-0.03792569659442724
432	-0.011263073209975882
433	-0.04068348250610254
434	0.010178117048346147
435	0.035264483627204024
436	0.0032441200324411223
437	-0.021018593371059047
438	-0.05615194054500405
439	-0.0017497812773402677
440	0.0035056967572304476
441	0.024454148471615866
442	0.027280477408354598
443	0.011618257261410747
444	-0.01886792452830177
445	-0.0025083612040134318
446	-0.005867560771165126
447	-0.03456998313659365
448	-0.013973799126637543
449	-0.015057573073516406
450	-0.025179856115107868
451	-0.01568265682656822
452	-0.058106841611996196
453	0.03880597014925358
454	0.00287356321839094
455	-0.01146131805157602
456	-0.006763285024154575
457	0.009727626459144156
458	0.043352601156069204
459	-0.0027700831024930483
460	-0.02592592592592602
461	-0.03897338403041828
462	-0.007912957467853587
463	0.24526420737786658
464	-0.05764611689351484
465	0.112999150382328
466	0.05648854961832073
467	-0.023121387283236983
468	0.028106508875739733
469	0.010071942446043147
470	0.024928774928774988
471	0.33356497567755383
472	-0.23553934340802507
473	0.08043626448534424
474	0.09589905362776041
475	-0.013241220495106565
476	-0.0175029171528589
477	0.015439429928741255
478	0.03040935672514622
479	0.019863791146424337
480	0.028380634390651194
481	-0.044372294372294396
482	0.018120045300113352
483	0.0
484	0.1685205784204673
485	0.014278914802474896
486	0.015485687470671028
487	0.14094269870609977
488	0.2725799918995544
489	-0.22724379376193504
490	0.07495881383855019
491	0.13563218390804588
492	-0.0253036437246964
493	0.0013845621322257085
494	0.011061182163843775
495	-0.042393162393162376
496	-0.10924669760799721
497	-0.0653306613226452
498	0.18267581475128636
499	-0.002538071065989689
500	-0.08142493638676851
501	0.05421448357736458
502	0.09609609609609615
503	-0.006849315068493178
504	0.07931034482758625
505	0.005111821086261958
506	0.07310870947234571
507	0.007701421800948127
508	0.11816578483245133
509	-0.01682439537329128
510	0.040909090909091006
511	-0.05034677626509121
512	-0.26345685691100884
513	0.04443628351083362
514	-0.03410689170182846
515	0.04040771751001082
516	0.049335199440168065
517	-0.0403467822607535
518	-0.06567060458651841
519	0.01822238750464855
520	-0.12929145361577787
521	0.0927013422818792
522	0.12207293666026864
523	0.09031816626753342
524	0.038908064010040766
525	0.019933554817275878
526	-0.07728753331359206
527	0.09114249037227218
528	0.04264705882352948
529	-0.046262341325810974
530	0.10913930789707171
531	-0.028799999999999937
532	-0.11037891268533784
533	0.10802469135802473
534	0.17910863509749309
535	0.005197259626742223
536	-0.05969447708578146
537	-0.3039240189952511
538	0.04165170556552966
539	0.01999310582557734
540	0.06961811422777964
541	0.10426540284360208
542	-0.13133047210300441
543	-0.03886693017127796
544	-0.03358464701850583
545	0.05212765957446819
546	-0.019885406134142358
547	-0.013411279229711082
548	0.0331125827814569
549	0.09446693657219973
550	-0.03760789149198518
551	-0.1319666880204996
552	0.061623616236162304
553	-0.1306916927354883
554	-0.07077169132347072
555	0.0460413080895008
556	-0.14273961332784857
557	-0.2063339731285989
558	0.1571946795646917
559	-0.05276907001044939
560	0.19691119691119696
561	0.1847926267281106
562	-0.06339945546479975
563	-0.013704318936876958
564	0.2425263157894737
565	0.12504235852253487
566	0.044277108433735
567	-0.027112777617536943
568	0.026978950489178866
569	0.0011547344110853786
570	-0.010957324106113053
571	0.11924198250728879
572	-0.0468872102109924
573	-0.05793932768515997
574	-0.09051348999129671
575	0.151196172248804
576	0.016348018841784384
577	-0.0430752453653217
578	0.0039886039886039
579	0.011350737797956922
580	-0.06649831649831639
581	0.006011421701232145
582	-0.08903495667762173
583	-0.0537881272548375
584	0.023570190641247768
585	-0.10125296308838472
586	-0.0651846269781462
587	-0.11890366787585649
588	0.0160109789569991
589	-0.00855470508779832
590	-0.060853769300635796
591	0.035299806576402304
592	-0.04857543204110226
593	-0.025527736867943074
594	-0.1410579345088161
595	0.07272727272727253
596	-0.034445051940951266
597	-0.08776896942242363
598	0.0378646803227809
599	0.16686602870813405
600	0.027165556125063883
601	-0.02395209580838331
602	-0.0005112474437626302
603	-0.021994884910485957
604	-0.04027196652719667
605	-0.01743869209809268
606	-0.09373266777592903
607	-0.029987760097919258
608	0.014511041009463543
609	-0.08457711442786053
610	-0.024456521739130488
611	-0.0013927576601671099
612	-0.05369595536959548
613	0.03831982313927784
614	0.07026259758694109
615	-0.09814323607427056
616	0.004411764705882337
617	-0.04026354319180092
618	0.026697177726926036
619	0.050520059435364084
620	-0.036775106082036824
621	0.005873715124816492
622	0.06569343065693434
623	0.10821917808219172
624	-0.03584672435105063
625	0.03205128205128216
626	0.0472049689440992
627	-0.040925266903914403
628	-0.006184291898577721
629	0.09894212818917225
630	0.04190260475651186
631	0.06739130434782625
632	-0.048879837067209775
633	0.0032119914346895317
634	0.09124866595517611
635	0.07726161369193174
636	-0.15478892419428047
637	0.1310418904403865
638	-0.02136752136752129
639	0.05240174672489095
640	0.004149377593360981
641	0.0
642	-0.012855831037649312
643	0.006046511627906925
644	0.05131761442441052
645	-0.0158311345646438
646	0.016979445933869686
647	0.11115992970123001
648	-0.06959272439699482
649	-0.05227369315767105
650	-0.03946188340807166
651	-0.08450046685340817
652	-0.09790922998470164
653	0.02148106274731476
654	0.03431101272827908
655	0.0
656	-0.0304975922953451
657	-0.026490066225165587
658	-0.04365079365079361
659	0.06698280972139892
660	-0.01777777777777778
661	0.02828054298642524
662	-0.0335533553355335
663	-0.07171314741035861
664	-0.09319435928877984
665	0.06355645706558488
666	-0.03687221869040047
667	0.007920792079207928
668	-0.006548788474132317
669	-0.058668424522083096
670	0.062324929971988796
671	0.0
672	0.00856954515491104
673	0.0117647058823529
674	0.02390180878552961
675	0.02208201892744488
676	-0.06172839506172845
677	0.020394736842105354
678	-0.02063185041908444
679	0.0026333113890717463
680	0.009848982271831952
681	-0.024057217165149636
682	-0.16322451698867413
683	0.02547770700636942
684	0.1451863354037266
685	-0.06372881355932203
686	0.015930485155684293
687	-0.014255167498218091
688	0.04483007953723783
689	-0.01591695501730095
690	0.06329113924050622
691	0.031084656084656048
692	0.10904425914047455
693	0.017929438982070778
694	-0.17727272727272736
695	0.022099447513812098
696	0.0033783783783782884
697	0.06868686868686869
698	-0.06427221172022679
699	0.042424242424242475
700	-0.05943152454780365
701	0.05013736263736246
702	0.05755395683453246
703	-0.009894867037724242
704	0.041848844472204716
705	-0.031175059952038398
706	0.04146039603960383
707	0.03208556149732633
708	0.05469199769717892
709	0.020742358078602585
710	-0.022459893048128232
711	-0.004923413566739643
712	-0.11599780098955481
713	0.023009950248756184
714	-0.00729483282674781
715	-0.004898958971218503
716	0.008615384615384691
717	0.015863331299572847
718	0.04324324324324347
719	0.033390903857225096
720	-0.03398328690807795
721	0.0040369088811995635
722	-0.07524411257897756
723	0.01304347826086949
724	-0.009809932556713696
725	-0.006191950464396134
726	0.03613707165109026
727	-0.006614552014431729
728	0.009079903147699797
729	0.023395320935812647
730	-0.0017584994138334364
731	-0.008220786846741102
732	0.014209591474245054
733	-0.05604203152364262
734	-0.042671614100185606
735	-0.036175710594315236
736	0.10991957104557626
737	-0.008454106280193052
738	0.0761266747868452
739	0.060554612337294644
740	-0.07844183564567764
741	-0.12449334105385068
742	-0.006613756613756627
743	-0.053262316910785534
744	-0.07102672292545709
745	-0.002271006813020504
746	-0.09559939301972686
747	-0.01090604026845643
748	0.11450381679389321
749	0.05555555555555536
750	0.04253785147801015
751	-0.08921161825726143
752	0.008352315869400107
753	-0.06475903614457823
754	0.02657004830917864
755	-0.04235294117647048
756	0.0229320229320229
757	0.005604483586869602
758	-0.0031847133757962887
759	-0.004792332268370503
760	0.02006420545746379
761	0.04012588512981896
762	-0.015885022692889605
763	-0.013066871637202104
764	-0.007788161993769416
765	0.03453689167974883
766	0.015174506828528056
767	0.05231689088191316
768	-0.006392045454545414
769	-0.15868477483917087
770	0.01954120645709434
771	-0.03500000000000003
772	-0.05267702936096719
773	0.02096627164995435
774	0.010714285714285898
775	-0.006183745583038913
776	-0.04888888888888898
777	0.03831775700934581
778	-0.012601260126012481
779	0.03008204193254338
780	-0.007964601769911539
781	-0.08206958073148984
782	0.02818270165208947
783	0.017958412098298737
784	0.0352831940575673
785	0.049327354260089606
786	-0.023076923076922995
787	0.014873140857392775
788	-0.047413793103448176
789	0.004524886877828038
790	-0.0108108108108107
791	0.040983606557376984
792	-0.016622922134733153
793	0.014234875444839812
794	-0.0061403508771930015
795	-0.009708737864077666
796	-0.008021390374331583
797	-0.0026954177897574594
798	-0.002702702702702675
799	0.0018066847335138636
800	-0.014427412082957614
801	0.0
802	0.0027447392497714773
803	-0.0045620437956205295
804	-0.005499541704858002
805	-0.15668202764976957
806	0.0371584699453551
807	-0.0010537407797681642
808	-0.011603375527426296
809	0.05869797225186768
810	-0.016129032258064502
811	0.012295081967213184
812	-0.021255060728745057
813	-0.007238883143743546
814	0.006250000000000089
815	-0.0031055900621117516
816	0.049844236760124394
817	-0.026706231454005858
818	-0.0071138211382114624
819	-0.006141248720573089
820	-0.005149330587023715
821	-0.005175983436853104
822	-0.002081165452653466
823	-0.054223149113659996
824	-0.007717750826901959
825	0.004444444444444251
826	0.0033185840707965486
827	0.009922822491730932
828	-0.005458515283842891
829	0.04390779363337005
830	-0.007360672975814997
831	0.05826271186440679
832	-0.03003003003003013
833	-0.021671826625386914
834	0.002109704641350074
835	0.0
836	-0.025263157894736876
837	-0.003239740820734305
838	-0.015167930660888507
839	-0.11221122112211213
840	-0.029739776951672847
841	-0.04214559386973182
842	-0.010666666666666713
843	0.006738544474393482
844	-0.1686746987951807
845	-0.10144927536231885
846	0.03584229390681015
847	-0.09342560553633217
848	-0.003816793893129833
849	-0.08429118773946354
850	0.0020920502092049986
851	-0.09394572025052195
852	0.05069124423963123
853	0.09649122807017552
854	-0.0119999999999999
855	-0.0668016194331984
856	0.058568329718004186
857	0.06352459016393452
858	-0.13102119460500972
859	-0.022172949002217224
860	-0.09070294784580502
861	-0.12468827930174564
862	0.10256410256410264
863	-0.0025839793281654533
864	0.031088082901554515
865	-0.017587939698492372
866	-0.04603580562659848
867	0.05630026809651478
868	-0.012690355329949221
869	-0.03856041131105392
870	-0.02406417112299475
871	0.0
872	0.1095890410958904
873	0.04691358024691361
874	0.04009433962264142
875	0.09523809523809512
876	-0.05590062111801253
877	0.04824561403508776
878	0.039748953974895196
879	0.04024144869215296
880	-0.07543520309477747
881	0.16317991631799145
882	-0.1276978417266187
883	0.10721649484536089
884	-0.029795158286778478
885	0.030710172744721653
886	-0.05214152700186225
887	0.05500982318271119
888	0.020484171322160183
889	-0.06386861313868619
890	0.04288499025341119
891	-0.02990654205607468
892	0.06936416184971095
893	-0.10450450450450455
894	0.012072434607645954
895	-0.003976143141153132
896	-0.10578842315369252
897	0.008928571428571175
898	0.01106194690265494
899	-0.06345733041575496
900	0.03504672897196248
901	-0.038374717832957095
902	0.021126760563380254
903	0.04137931034482767
904	-0.02428256070640189
905	0.006787330316742057
906	-0.040449438202247334
907	0.0023419203747074846
908	0.01869158878504673
909	-0.004587155963302836
910	0.00691244239631339
911	0.0022883295194506825
912	-0.0091324200913242
913	-0.020737327188940058
914	-0.06588235294117639
915	-0.010075566750629705
916	0.020356234096692072
917	-0.007481296758104716
918	-0.005025125628140725
919	0.017676767676767735
920	-0.027295285359801524
921	-0.010204081632653073
922	-0.002577319587628857
923	-0.023255813953488413
924	0.023809523809523947
925	0.07751937984496116
926	-0.011990407673860837
927	0.024271844660194164
928	-0.0308056872037914
929	0.007334963325183352
930	0.004854368932038833
931	0.004830917874396157
932	-0.0024038461538461453
933	-0.004819277108433884
934	0.021791767554479424
935	0.05450236966824651
936	0.035955056179775235
937	0.021691973969631073
938	-0.03609341825902335
939	0.05066079295154169
940	0.027253668763102867
941	-0.13265306122448983
942	0.028235294117647136
943	0.006864988558352492
944	-0.00454545454545463
945	-0.011415525114155223
946	0.009237875288683695
947	-0.006864988558352492
948	0.004608294930875667
949	-0.03899082568807333
950	0.042959427207637235
951	0.0022883295194506825
952	0.013698630136986356
953	-0.031531531531531654
954	0.011627906976744207
955	0.009195402298850519
956	-0.02505694760820032
957	0.007009345794392274
958	-0.016241299303944134
959	0.023584905660377187
960	0.025345622119815836
961	0.01797752808988773
962	-0.01103752759381893
963	-0.011160714285714413
964	0.04966139954853288
965	0.010752688172043001
966	0.017021276595744705
967	0.023012552301255207
968	-0.008179959100204526
969	0.0
970	-0.028865979381443196
971	-0.00849256900212314
972	0.03426124197002145
973	-0.01863354037267073
974	0.03586497890295348
975	-0.016293279022403295
976	0.0
977	-0.0020703933747411307
978	0.1390041493775933
979	-0.00910746812386154
980	-0.014705882352941235
981	0.07649253731343264
982	0.0433275563258233
983	0.36046511627906974
984	-0.11233211233211238
985	-0.03301237964236581
986	0.005689900426742556
987	-0.10891089108910901
988	0.014285714285714235
989	-0.007824726134585291
990	0.020504731861198833
991	-0.04636785162287482
992	0.01944894651539708
993	-0.011128775834658211
994	0.020900321543408262
995	-0.006299212598425252
996	-0.009508716323296307
997	-0.04799999999999993
998	0.0
999	-0.001680672268907557
1000	-0.05555555555555558
1001	-0.042780748663101664
1002	0.007448789571694592
1003	0.03327171903881698
1004	0.003577817531305927
1005	0.0
1006	0.057040998217468664
1007	-0.015177065767284947
1008	-0.008561643835616417
1009	0.04835924006908465
1010	-0.0329489291598023
1011	-0.011925042589437829
1012	-0.0034482758620688614
1013	-0.01211072664359869
1014	0.0017513134851137035
1015	-0.022727272727272707
1016	0.003577817531305927
1017	0.08021390374331538
1018	0.0
