0	0.0
1	0.0
2	0.0
3	0.0
4	0.0
5	0.0
6	0.0
7	0.0
8	0.0
9	0.0
10	0.0
11	0.0
12	0.0
13	0.06666666666666665
14	0.0
15	0.0
16	0.0
17	0.0
18	0.0
19	0.5625
20	-0.4
21	0.6666666666666667
22	-0.15000000000000002
23	0.0
24	0.17647058823529416
25	0.8
26	0.0
27	0.0
28	0.11111111111111116
29	0.28
30	-0.21875
31	0.19999999999999996
32	0.7083333333333333
33	0.755609756097561
34	0.28091136426785224
35	-0.11062906724511934
36	0.0
37	-0.13902439024390256
38	-0.0507082152974504
39	-0.015219337511190645
40	-0.024242424242424176
41	0.18012422360248426
42	-0.1578947368421053
43	-0.28812499999999996
44	0.226075504828797
45	0.14500537056928042
46	0.10256410256410242
47	-0.10465116279069764
48	-0.01805511561609119
49	-0.013225806451612865
50	-0.018960444589735115
51	0.030323225591469605
52	-0.1665588615782666
53	-0.07877376794722546
54	-0.4524010109519797
55	0.5230769230769232
56	-0.0479797979797979
57	-0.09124668435013272
58	0.05078809106830118
59	-0.04444444444444451
60	0.04651162790697683
61	0.2255555555555555
62	0.13191296464188573
63	-0.11653984781738091
64	0.012239347234814124
65	0.09762651141961509
66	0.01835985312117505
67	-0.05649038461538458
68	0.051804670912951156
69	0.07387969317723053
70	-0.04172932330827084
71	-0.056492742251863404
72	0.0814968814968815
73	0.10342176086120713
74	-0.19860627177700352
75	0.08260869565217388
76	-0.016064257028112428
77	-0.017959183673469492
78	0.09517871986699933
79	-0.036432637571157556
80	-0.014966522252855441
81	-0.01959216313474621
82	0.0
83	-0.020799347471451846
84	-0.0004164931278634043
85	0.039166666666666794
86	-0.0016038492381716951
87	-0.02489959839357414
88	0.04983525535420097
89	-0.09768536681051387
90	-0.030434782608695587
91	-0.056053811659192876
92	0.05748218527315929
93	0.003593890386343057
94	-0.06982990152193369
95	0.10105871029836377
96	-0.05157342657342656
97	-0.04516129032258065
98	0.04198841698841704
99	-0.00602130616025931
100	0.01910531220876055
101	-0.021033379058070456
102	-0.01588042970574499
103	0.006169909824394804
104	-0.06603773584905659
105	-0.04595959595959598
106	-0.07358390682901006
107	0.0685714285714285
108	-0.042780748663101664
109	-0.0893854748603351
110	0.1957055214723924
111	-0.15751667521806034
112	0.020706455542021995
113	-0.02863961813842486
114	-0.06449631449631454
115	0.034799737360472704
116	0.09644670050761439
117	-0.08391203703703709
118	0.007580543272267759
119	-0.06645768025078358
120	-0.10543989254533248
121	0.12612612612612617
122	0.014666666666666606
123	-0.05256241787122207
124	0.0991678224687933
125	-0.06372239747634068
126	0.014150943396226578
127	-0.10033222591362134
128	-0.05022156573116687
129	0.10730948678071539
130	0.2015449438202246
131	0.013442431326709636
132	-0.029988465974625123
133	0.004161712247324534
134	-0.07874481941977507
135	0.03856041131105403
136	0.0030940594059405413
137	0.0006169031462059937
138	0.09432799013563509
139	0.0016901408450704647
140	-0.04386951631046121
141	0.009411764705882453
142	0.0011655011655011815
143	0.041327124563445894
144	0.11794298490776978
145	-0.09499999999999997
146	-0.06685082872928183
147	-0.04026050917702784
148	-0.044417026526835324
149	0.0
150	0.04067140090380894
151	0.03722084367245637
152	0.014354066985646119
153	-0.17806603773584917
154	0.004304160688665792
155	0.021428571428571574
156	-0.10839160839160844
157	-0.0007843137254901489
158	0.05259026687598123
159	-0.10961968680089496
160	-0.0368509212730318
161	0.013913043478260834
162	-0.03945111492281306
163	0.016964285714285765
164	0.049165935030728525
165	0.004184100418409997
166	-0.010833333333333361
167	-0.23083403538331915
168	0.20481927710843362
169	0.029090909090909056
170	-0.08568904593639581
171	0.1584541062801934
172	0.07923269391159304
173	0.03400309119010836
174	-0.017189835575485812
175	-0.04410646387832695
176	0.015910898965791453
177	-0.003132341425215235
178	0.0
179	-0.6072270227808327
180	1.436
181	0.05747126436781613
182	-0.13509316770186341
183	-0.030520646319569078
184	-0.045370370370370394
185	0.008729388942773975
186	0.01538461538461533
187	0.05208333333333326
188	0.017101710171017137
189	-0.046017699115044386
190	-0.036178107606678944
191	0.010587102983637964
192	-0.02000000000000013
193	0.026239067055393805
194	0.01325757575757569
195	0.006542056074766434
196	-0.0817084493964716
197	0.09201213346814963
198	-0.042592592592592626
199	0.011605415860735047
200	-0.00956022944550683
201	0.0038610038610038533
202	-0.004807692307692402
203	0.02898550724637694
204	-0.04694835680751175
205	0.0
206	0.015763546798029493
207	0.05334626576139656
208	-0.01012891344383049
209	0.012093023255814073
210	0.035845588235293935
211	-0.0461401952085182
212	0.0976744186046512
213	0.02033898305084736
214	-0.0033222591362125353
215	-0.08999999999999997
216	0.03296703296703285
217	-0.004432624113475114
218	-0.013357079252003579
219	0.0036101083032489267
220	0.03507194244604328
221	-0.02953953084274541
222	-0.0026857654431512445
223	0.019748653500897495
224	0.008802816901408494
225	-0.02617801047120427
226	0.02508960573476693
227	-0.03146853146853146
228	0.009927797833934937
229	-0.009830205540661274
230	-0.09476534296028882
231	0.008973080757726848
232	-0.022727272727272596
233	-0.03842264914054605
234	0.034700315457413256
235	-0.03455284552845528
236	0.027368421052631486
237	0.013319672131147708
238	0.011122345803842304
239	-0.04600000000000004
240	0.048218029350104885
241	-0.050000000000000044
242	0.0
243	-0.02210526315789485
244	0.02260495156081821
245	0.012631578947368327
246	-0.0010395010395010118
247	0.0
248	-0.05098855359001042
249	-0.012061403508771829
250	-0.021087680355160843
251	-0.0022675736961450532
252	-0.09090909090909094
253	0.0
254	-0.12250000000000005
255	0.049857549857549976
256	0.0
257	0.11126187245590224
258	0.0
259	-0.061050061050060944
260	0.020806241872561637
261	0.12101910828025497
262	0.004545454545454408
263	0.0
264	-0.03506787330316752
265	-0.02579132473622492
266	0.03489771359807459
267	0.03837209302325584
268	0.20380739081746935
269	0.0
270	-0.2176744186046512
271	0.0
272	-0.019024970273483932
273	-0.08363636363636373
274	0.006613756613756738
275	0.026281208935611033
276	-0.02432778489116516
277	0.007874015748031482
278	-0.05078125
279	0.04389574759945125
280	0.013140604467805517
281	-0.0077821011673151474
282	-0.0091503267973857
283	-0.02242744063324542
284	-0.02429149797570851
285	-0.0027662517289074318
286	-0.006934812760055475
287	-0.006983240223463638
288	-0.01406469760900153
289	-0.008559201141226769
290	-0.1352517985611511
291	-0.06988352745424287
292	-0.0948121645796065
293	-0.005928853754940566
294	0.001988071570576455
295	0.011904761904761862
296	-0.14901960784313717
297	-0.1267281105990783
298	0.20316622691292863
299	0.20614035087719307
300	0.050909090909091015
301	-0.0778546712802769
302	-0.10131332082551592
303	0.13361169102296455
304	-0.046040515653775316
305	0.0656370656370655
306	-0.019927536231883924
307	-0.022181146025878062
308	0.017013232514177634
309	-0.026022304832713727
310	-0.06106870229007644
311	-0.04065040650406504
312	0.021186440677966267
313	0.008298755186721962
314	0.07201646090534974
315	-0.04222648752399227
316	0.004008016032064132
317	0.031936127744510934
318	-0.01934235976789156
319	-0.00591715976331364
320	0.05555555555555558
321	-0.001879699248120481
322	0.018832391713747842
323	0.005545286506469571
324	-0.0018382352941177516
325	-0.04235727440147319
326	-0.025000000000000022
327	-0.0019723865877713243
328	-0.06719367588932801
329	-0.07415254237288127
330	-0.020594965675057142
331	-0.004672897196261738
332	0.007042253521126751
333	0.1212121212121211
334	-0.02494802494802484
335	-0.031982942430703654
336	-0.01982378854625544
337	-0.006741573033707926
338	-0.04298642533936636
339	0.0023640661938533203
340	0.05660377358490565
341	-0.006696428571428603
342	-0.03146067415730347
343	-0.011600928074245953
344	-0.06572769953051638
345	-0.07035175879396982
346	0.035135135135135
347	0.0026109660574411553
348	0.015625
349	-0.007692307692307665
350	-0.015503875968992276
351	-0.007874015748031593
352	0.010582010582010692
353	0.010471204188481575
354	0.0544041450777204
355	-0.004914004914005066
356	-0.012345679012345623
357	0.0
358	0.014999999999999902
359	-0.01724137931034464
360	-0.01754385964912286
361	0.005102040816326481
362	-0.025380710659898553
363	-0.02604166666666663
364	-0.002673796791443861
365	-0.01608579088471851
366	0.01089918256130784
367	0.02425876010781658
368	0.007894736842105399
369	-0.026109660574412552
370	0.01608579088471851
371	-0.007915567282322011
372	-0.04787234042553179
373	0.0027932960893854997
374	-0.005571030640668551
375	0.0056022408963585235
376	0.011142061281337101
377	0.0027548209366392573
378	-0.02472527472527486
379	0.0
380	0.019718309859154903
381	0.016574585635359185
382	-0.00815217391304357
383	0.12602739726027412
384	0.007299270072992581
385	-0.03864734299516903
386	-0.03015075376884424
387	0.002590673575129543
388	-0.0025839793281654533
389	-0.01813471502590669
390	0.005277044854881341
391	-0.055118110236220486
392	-0.02777777777777779
393	0.0028571428571428914
394	0.019943019943019946
395	0.013966480446927276
396	-0.01377410468319551
397	-0.005586592178770999
398	0.0
399	0.011235955056179803
400	-0.002777777777777879
401	-0.005571030640668551
402	0.0028011204481792618
403	0.011173184357541999
404	0.0
405	-0.0055248618784530246
406	0.005555555555555536
407	0.0
408	0.027624309392265234
409	-0.010752688172043001
410	-0.04076086956521752
411	-0.008498583569405027
412	-0.005714285714285672
413	0.00287356321839094
414	-0.002865329512894088
415	0.0
416	-0.008620689655172376
417	-0.11884057971014494
418	-0.03289473684210531
419	-0.05102040816326525
420	0.021505376344086002
421	0.024561403508771784
422	-0.023972602739726012
423	0.007017543859649145
424	0.0034843205574912606
425	-0.04861111111111105
426	-0.021897810218978075
427	0.03731343283582067
428	-0.028776978417266008
429	0.007407407407407307
430	-0.011029411764705954
431	0.0
432	0.0074349442379182396
433	-0.0073800738007380184
434	-0.011152416356877248
435	-0.18045112781954886
436	-0.10550458715596334
437	0.08205128205128198
438	-0.004739336492890933
439	0.004761904761904745
440	-0.05213270142180093
441	-0.010000000000000009
442	-0.1767676767676768
443	0.01840490797546024
444	0.04216867469879526
445	-0.10982658959537572
446	-0.2727272727272727
447	0.1517857142857142
448	0.0852713178294573
449	-0.08571428571428563
450	0.03125
451	0.007575757575757569
452	-0.015037593984962405
453	0.03816793893129766
454	0.03676470588235281
455	0.014184397163120588
456	0.30069930069930084
457	0.19354838709677424
458	-0.07207207207207211
459	0.009708737864077666
460	-0.07211538461538469
461	-0.020725388601036343
462	0.015873015873015817
463	-0.02083333333333337
464	-0.02127659574468077
465	-0.03260869565217395
466	0.028089887640449396
467	-0.016393442622950838
468	-0.033333333333333326
469	0.028735632183908066
470	0.005586592178770999
471	-0.011111111111111072
472	-0.028089887640449507
473	0.01734104046242768
474	-0.017045454545454586
475	0.011560693641618602
476	0.040000000000000036
477	0.07692307692307687
478	-0.0663265306122448
479	-0.016393442622950838
480	0.0277777777777779
481	-0.021621621621621623
482	0.022099447513812098
483	-0.005405405405405461
484	0.0
485	-0.02717391304347827
486	0.011173184357541999
487	0.005524861878453136
488	-0.01098901098901095
489	0.005555555555555536
490	0.016574585635359185
491	0.0
492	0.016304347826086918
493	0.026737967914438387
494	0.01041666666666674
495	-0.005154639175257714
496	-0.010362694300518172
497	-0.010471204188481686
498	0.010582010582010692
499	-0.010471204188481686
500	0.02645502645502651
501	0.036082474226803996
502	0.004975124378109541
503	0.00990099009900991
504	-0.014705882352941346
505	-0.00995024875621886
506	0.010050251256281229
507	0.00995024875621886
508	-0.01970443349753681
509	-0.12562814070351758
510	0.005747126436781658
511	0.005714285714285783
512	-0.011363636363636354
513	0.028735632183908066
514	-0.011173184357541888
515	-0.07344632768361592
516	0.012195121951219523
517	0.01807228915662651
518	-0.00591715976331364
519	0.011904761904761862
520	-0.02941176470588236
521	0.0121212121212122
522	-0.0119760479041916
523	0.0060606060606061
524	0.012048192771084265
525	0.005952380952380931
526	-0.01183431952662728
527	0.0
528	-0.017964071856287456
529	0.018292682926829285
530	-0.029940119760478945
531	-0.024691358024691357
532	-0.03797468354430378
533	-0.046052631578947456
534	0.006896551724137945
535	-0.06849315068493145
536	0.014705882352941124
537	0.0
538	0.021739130434782705
539	-0.007092198581560294
540	-0.0071428571428571175
541	-0.007194244604316502
542	0.007246376811594235
543	0.021582733812949728
544	0.028169014084507005
545	-0.006849315068493178
546	-0.020689655172413834
547	-0.021126760563380254
548	-0.050359712230215736
549	0.045454545454545414
550	-0.014492753623188248
551	0.0
552	0.051470588235293935
553	-0.013986013986013957
554	0.0
555	0.014184397163120588
556	-0.013986013986013957
557	-0.007092198581560294
558	-0.0071428571428571175
559	0.05035971223021596
560	0.006849315068493178
561	-0.020408163265306145
562	-0.00694444444444442
563	0.006993006993007089
564	0.0
565	0.0
566	0.0
567	0.00694444444444442
568	0.0
569	0.0
570	-0.006896551724137945
571	0.00694444444444442
572	0.0
573	0.01379310344827589
574	0.24489795918367352
575	-0.02732240437158473
576	0.016853932584269593
577	-0.0055248618784530246
578	0.005555555555555536
579	0.016574585635359185
580	-0.005434782608695676
581	-0.005464480874316946
582	-0.01098901098901095
583	-0.09444444444444455
584	-0.012269938650306678
585	0.03105590062111796
586	0.006024096385542244
587	-0.005988023952095856
588	0.048192771084337505
589	0.005747126436781658
590	-0.011428571428571455
591	0.028901734104046284
592	0.011235955056179803
593	-0.02777777777777779
594	0.02285714285714291
595	0.005586592178770999
596	0.0277777777777779
597	0.07567567567567557
598	0.010050251256281229
599	0.40796019900497527
600	0.007067137809187329
601	0.08421052631578929
602	-0.09061488673139151
603	0.08185053380782925
604	-0.009868421052631637
605	0.0033222591362127574
606	-0.019867549668874163
607	-0.05405405405405406
608	0.014285714285714235
609	0.007042253521126751
610	0.0769230769230771
611	-0.012987012987012991
612	0.23684210526315774
613	0.09042553191489366
614	-0.03414634146341455
615	0.0277777777777779
616	0.004914004914004844
617	0.0024449877750609694
618	0.1634146341463414
619	0.11530398322851165
620	0.001879699248120259
621	0.14258911819887432
622	0.2479474548440066
623	-0.43947368421052635
624	0.0046948356807512415
625	0.21028037383177556
626	-0.12355212355212353
627	0.0
628	-0.09471365638766516
629	-0.12408759124087598
630	0.03888888888888897
631	0.03743315508021383
632	-0.07216494845360821
633	0.07499999999999996
634	-0.043927648578811374
635	0.021621621621621623
636	-0.007936507936507908
637	0.22666666666666657
638	-0.0021739130434782483
639	-0.004357298474945481
640	0.004376367614879584
641	0.08496732026143805
642	-0.050200803212851364
643	-0.04228329809725162
644	0.0066225165562912025
645	-0.08114035087719285
646	-0.011933174224343812
647	0.012077294685990614
648	0.03579952267303099
649	-0.009216589861751112
650	-0.06744186046511624
651	0.02244389027431426
652	-0.08048780487804874
653	0.02652519893899208
654	0.0025839793281652312
655	0.05154639175257736
656	-0.02450980392156865
657	-0.03266331658291455
658	0.036363636363636376
659	-0.022556390977443663
660	0.012820512820512997
661	0.005063291139240533
662	-0.037783375314861534
663	-0.10994764397905754
664	0.050000000000000044
665	-0.008403361344537785
666	-0.016949152542372947
667	-0.03735632183908044
668	-0.12835820895522387
669	0.0034246575342467
670	-0.0034129692832765013
671	-0.04109589041095896
672	0.021428571428571352
673	-0.0034965034965034336
674	-0.021052631578947434
675	0.010752688172043001
676	-0.010638297872340385
677	-0.0035842293906810374
678	-0.06834532374100721
679	0.030888030888030826
680	0.07116104868913853
681	0.06643356643356646
682	0.0
683	-0.006557377049180357
684	-0.0462046204620461
685	0.01384083044982698
686	0.0034129692832762792
687	-0.04081632653061229
688	-0.007092198581560294
689	0.010714285714285898
690	-0.010600706713780994
691	-0.0071428571428571175
692	0.043165467625899234
693	0.010344827586207028
694	-0.023890784982935287
695	-0.006993006993006978
696	-0.021126760563380254
697	0.014388489208633004
698	0.010638297872340496
699	0.01754385964912264
700	-0.010344827586206806
701	0.0
702	-0.0034843205574913716
703	0.05944055944055937
704	-0.013201320132013028
705	-0.0033444816053512794
706	0.0
707	-0.006711409395973145
708	0.016891891891891886
709	-0.009966777408637828
710	0.003355704697986628
711	0.04013377926421402
712	-0.025723472668810365
713	0.0033003300330034513
714	0.016447368421052655
715	0.0
716	0.012944983818770295
717	-0.006389776357827448
718	0.009646302250803984
719	-0.009554140127388644
720	-0.009646302250803762
721	0.006493506493506551
722	-0.016129032258064613
723	-0.016393442622950727
724	0.010000000000000009
725	0.00990099009900991
726	0.0
727	0.013071895424836555
728	-0.006451612903225823
729	0.0032467532467532756
730	-0.006472491909385147
731	0.0032573289902280145
732	0.0
733	-0.0032467532467532756
734	0.24104234527687307
735	0.007874015748031482
736	-0.07552083333333337
737	0.033802816901408406
738	0.08174386920980936
739	0.07808564231738035
740	-0.06775700934579443
741	-0.057644110275689275
742	-0.09042553191489355
743	0.01754385964912286
744	-0.04022988505747127
745	-0.0029940119760478723
746	-0.06606606606606613
747	-0.06109324758842438
748	0.1095890410958904
749	-0.0092592592592593
750	-0.012461059190031154
751	-0.04100946372239744
752	0.042763157894736725
753	0.003154574132492094
754	-0.003144654088050425
755	-0.018927444794952675
756	-0.003215434083601254
757	0.009677419354838568
758	-0.006389776357827448
759	0.0
760	-0.003215434083601254
761	0.06451612903225801
762	0.07272727272727275
763	0.0028248587570620654
764	-0.016901408450704092
765	0.042979942693409656
766	-0.01098901098901095
767	-0.05277777777777781
768	-0.02052785923753675
769	0.0029940119760478723
770	-0.005970149253731294
771	0.04504504504504503
772	-0.011494252873563204
773	0.03488372093023262
774	0.0196629213483146
775	-0.0027548209366390353
776	0.0027624309392264568
777	0.03581267217630857
778	-0.058510638297872286
779	0.0
780	0.0028248587570620654
781	0.05915492957746471
782	-0.034574468085106336
783	0.02203856749311295
784	0.005390835579514919
785	-0.008042895442359144
786	-0.05135135135135149
787	-0.028490028490028352
788	-0.0058651026392961825
789	0.0471976401179941
790	0.016901408450704203
791	-0.005540166204986208
792	-0.05292479108635095
793	0.0235294117647058
794	-0.005747126436781658
795	0.011560693641618602
796	-0.011428571428571455
797	0.0028901734104047616
798	0.0057636887608070175
799	0.0
800	-0.005730659025787954
801	0.0057636887608070175
802	-0.008595988538682042
803	-0.0028901734104045396
804	0.04057971014492745
805	-0.00835654596100277
806	-0.005617977528089901
807	-0.0028248587570621764
808	0.0056657223796034994
809	-0.008450704225352101
810	-0.011363636363636354
811	-0.008620689655172376
812	-0.08985507246376812
813	-0.02547770700636942
814	-0.013071895424836666
815	0.0066225165562914245
816	-0.006578947368421018
817	0.11258278145695355
818	-0.04166666666666652
819	-0.0434782608695653
820	0.009740259740259605
821	0.019292604501607746
822	-0.01577287066246047
823	0.0032051282051281937
824	0.04792332268370614
825	-0.060975609756097504
826	0.006493506493506551
827	-0.012903225806451646
828	0.0
829	0.0032679738562091387
830	0.0
831	-0.009771986970683932
832	0.03289473684210531
833	-0.0031847133757962887
834	-0.012779552715655007
835	0.0
836	-0.009708737864077555
837	0.006535947712418277
838	0.006493506493506551
839	-0.01935483870967747
840	0.016447368421052655
841	0.009708737864077666
842	0.022435897435897356
843	-0.01567398119122254
844	0.01273885350318471
845	0.015723270440251458
846	0.0
847	0.0
848	0.05882352941176472
849	-0.0029239766081871066
850	0.011730205278592365
851	-0.020289855072463836
852	-0.008875739644970349
853	0.0
854	0.008955223880596996
855	0.0
856	0.00591715976331364
857	0.0
858	0.002941176470588225
859	-0.014662756598240567
860	-0.014880952380952328
861	-0.024169184290030232
862	-0.015479876160990669
863	0.0062893081761006275
864	0.012499999999999956
865	-0.006172839506172867
866	0.009316770186335255
867	0.006153846153846176
868	0.024464831804281273
869	-0.020895522388059806
870	0.0
871	0.0030487804878049918
872	0.0
873	0.0
874	-0.003039513677811634
875	-0.03658536585365846
876	0.0031645569620253333
877	0.006309148264984188
878	0.0
879	0.009404388714733702
880	0.0
881	-0.012422360248447228
882	0.00943396226415083
883	0.0
884	0.02180685358255441
885	-0.009146341463414531
886	-0.009230769230769154
887	-0.0031055900621118626
888	0.006230529595015577
889	-0.003095975232198067
890	0.006211180124223503
891	0.0030864197530864335
892	-0.006153846153846176
893	0.006191950464396356
894	-0.003076923076922977
895	-0.006172839506172867
896	-0.0031055900621118626
897	0.0
898	0.0
899	0.0031152647975078995
900	0.009316770186335255
901	-0.003076923076922977
902	0.0
903	0.0092592592592593
904	0.0
905	-0.006116207951070374
906	-0.003076923076922977
907	0.0092592592592593
908	0.0
909	0.01834862385321112
910	-0.009009009009009028
911	0.0121212121212122
912	0.06886227544910173
913	0.05602240896358546
914	0.0610079575596818
915	-0.010000000000000009
916	-0.04797979797979801
917	0.0026525198938991412
918	-0.03439153439153442
919	0.013698630136986356
920	-0.008108108108108136
921	0.016348773841961872
922	0.0
923	-0.008042895442359144
924	0.021621621621621623
925	0.039682539682539764
926	-0.0050890585241730735
927	0.03069053708439906
928	-0.062034739454094434
929	0.021164021164021163
930	-0.005181347150259086
931	0.01822916666666674
932	0.025575447570332477
933	0.009975062344139696
934	-0.012345679012345623
935	0.0
936	0.0
937	-0.030000000000000027
938	-0.002577319587628857
939	0.02067183462532296
940	-0.0025316455696202667
941	0.0076142131979695105
942	-0.007556675062972307
943	0.025380710659898442
944	0.00990099009900991
945	0.0980392156862746
946	-0.01562500000000011
947	0.0
948	0.02947845804988658
949	0.004405286343612147
950	0.02412280701754388
951	0.0
952	0.027837259100642386
953	-0.01041666666666663
954	0.008421052631578885
955	0.02713987473903967
956	-0.03658536585365846
957	0.0
958	-0.006329113924050667
959	0.023354564755838636
960	0.018672199170124415
961	0.04073319755600813
962	0.019569471624266033
963	-0.011516314779270509
964	0.003883495145631022
965	0.061895551257253434
966	-0.00910746812386154
967	0.0055147058823528106
968	0.001828153564899626
969	-0.04744525547445266
970	-0.09195402298850563
971	-0.20464135021097052
972	0.0026525198938991412
973	0.09788359788359813
974	0.004819277108433662
975	-0.04076738609112707
976	0.01750000000000007
977	-0.002457002457002644
978	-0.007389162561576179
979	0.032258064516129004
980	0.016826923076923128
981	0.0780141843971629
982	-0.05921052631578938
983	0.039627039627039506
984	-0.022421524663677084
985	0.016055045871559592
986	-0.08126410835214437
987	0.027027027027026973
988	-0.014354066985645786
989	-0.00728155339805836
990	-0.004889975550122161
991	0.02211302211302213
992	-0.004807692307692402
993	-0.0024154589371979673
994	0.0
995	-0.004842615012106477
996	0.007299270072992581
997	-0.0024154589371979673
998	0.002421307506053294
999	-0.007246376811594013
1000	0.0024330900243307862
1001	-0.024271844660194275
1002	0.004975124378109541
1003	0.0024752475247524774
1004	-0.004938271604938205
1005	-0.01985111662531014
1006	0.0025316455696202667
1007	0.0
1008	0.022727272727272707
1009	0.004938271604938427
1010	-0.03194103194103204
1011	-0.015228426395939132
1012	-0.09793814432989689
1013	0.05714285714285716
1014	0.00540540540540535
1015	-0.005376344086021501
1016	0.01621621621621605
1017	0.0
1018	0.005319148936170137
1019	-0.01058201058201047
1020	0.002673796791443861
1021	0.0
1022	-0.010666666666666713
1023	0.0
1024	-0.02425876010781669
1025	-0.011049723756906049
1026	0.013966480446927276
1027	-0.011019283746556474
1028	0.0027855153203342198
1029	0.0
1030	0.002777777777777768
1031	0.0
1032	0.013850415512465464
1033	0.07650273224043702
1034	-0.025380710659898553
1035	-0.01302083333333326
1036	0.005277044854881341
1037	-0.01837270341207342
1038	-0.002673796791443861
1039	0.01072386058981234
1040	0.007957559681697646
1041	-0.002631578947368318
1042	0.0079155672823219
1043	-0.002617801047120394
1044	0.023622047244094446
1045	0.028205128205128105
1046	-0.012468827930174564
1047	-0.002525252525252486
1048	0.0
1049	0.005063291139240533
1050	-0.0025188916876575096
1051	0.0
1052	-0.02777777777777779
1053	-0.010389610389610393
1054	0.0
1055	0.002624671916010346
1056	-0.005235602094240788
1057	0.0052631578947368585
1058	-0.005235602094240788
1059	0.007894736842105399
1060	-0.0026109660574412663
1061	0.002617801047120505
1062	-0.015665796344647487
1063	-0.0026525198938992522
1064	0.013297872340425565
1065	-0.002624671916010568
1066	0.0
1067	0.013157894736842257
1068	-0.0025974025974027093
1069	-0.0026041666666666297
1070	0.0026109660574411553
1071	-0.0026041666666666297
1072	0.0
1073	0.0026109660574411553
1074	-0.0026041666666666297
1075	0.0
1076	0.0026109660574411553
1077	-0.00520833333333337
1078	0.005235602094240788
1079	-0.00520833333333337
1080	-0.002617801047120394
1081	-0.01049868766404205
1082	0.010610079575596787
1083	-0.002624671916010568
1084	0.021052631578947434
1085	-0.002577319587628857
1086	-0.0025839793281654533
1087	0.0
1088	-0.005181347150259086
1089	-0.00520833333333337
1090	-0.007853403141361182
1091	-0.00527704485488123
1092	0.007957559681697646
1093	0.013157894736842257
1094	0.007792207792207684
1095	-0.010309278350515427
1096	0.0026041666666667407
1097	0.018181818181818077
1098	0.015306122448979664
1099	-0.007537688442211032
1100	0.025316455696202445
1101	-0.022222222222222143
1102	0.0
1103	0.025252525252525082
1104	0.0049261083743843415
1105	-0.06127450980392157
1106	0.007832898172323688
1107	0.0
1108	0.002590673575129543
1109	-0.007751937984496138
1110	-0.00520833333333337
1111	0.007853403141361293
1112	-0.012987012987013102
1113	0.0
1114	-0.013157894736842035
1115	0.026666666666666616
1116	0.0025974025974024872
1117	0.002590673575129543
1118	0.0051679586563306845
1119	-0.0025706940874036244
1120	0.012886597938144506
1121	-0.0025445292620865922
1122	-0.010204081632653073
1123	0.010309278350515427
1124	-0.0025510204081632404
1125	-0.002557544757033292
1126	-0.01025641025641022
1127	0.005181347150259086
1128	-0.0077319587628865705
1129	0.0025974025974024872
1130	0.002590673575129543
1131	-0.007751937984496138
1132	0.0078125
1133	0.0051679586563306845
1134	0.0025706940874035134
1135	-0.002564102564102555
1136	0.0
1137	-0.10282776349614398
1138	0.002865329512893977
1139	0.037142857142857144
1140	0.011019283746556585
1141	0.0
1142	0.0
1143	-0.010899182561307952
1144	0.005509641873278293
1145	-0.005479452054794498
1146	-0.005509641873278293
1147	0.005540166204986097
1148	-0.0027548209366390353
1149	0.013812154696132506
1150	-0.0027247956403269047
1151	-0.005464480874316946
1152	0.0
1153	-0.0027472527472528485
1154	0.011019283746556585
1155	0.20163487738419628
1156	-0.006802721088435382
1157	-0.0365296803652968
1158	-0.004739336492890933
1159	0.023809523809523725
1160	0.027906976744185963
1161	0.011312217194570096
1162	-0.02684563758389269
1163	-0.006896551724137834
1164	0.02314814814814814
1165	0.02714932126696845
1166	-0.0066079295154185536
1167	-0.019955654101995512
1168	-0.05882352941176461
1169	-0.09615384615384626
1170	0.015957446808510634
1171	0.023560209424083878
1172	0.08695652173913038
1173	0.051764705882352935
1174	-0.14093959731543626
1175	0.02604166666666674
1176	-0.020304568527918843
1177	0.007772020725388629
1178	-0.010282776349614386
1179	-0.007792207792207906
1180	0.01832460732984309
1181	-0.02313624678663251
1182	0.0052631578947368585
1183	0.005235602094240788
1184	0.0026041666666667407
1185	-0.010389610389610393
1186	0.002624671916010346
1187	-0.018324607329842868
1188	-0.02399999999999991
1189	0.040983606557376984
1190	0.01049868766404205
1191	-0.0025974025974027093
1192	-0.00520833333333337
1193	0.04450261780104725
1194	0.007518796992481036
1195	-0.004975124378109319
1196	0.007500000000000062
1197	-0.00992555831265507
1198	-0.007518796992481258
1199	0.002525252525252597
1200	-0.010075566750629705
1201	0.0
1202	0.0
1203	-0.0661577608142494
1204	0.02452316076294281
1205	0.013297872340425565
1206	-0.02099737532808399
1207	0.002680965147453085
1208	0.016042780748662944
1209	0.0026315789473685403
1210	0.007874015748031482
1211	-0.0026041666666666297
1212	-0.013054830287206332
1213	-0.007936507936507908
1214	-0.005333333333333301
1215	0.013404825737265424
1216	0.005291005291005346
1217	0.0
1218	0.018421052631579116
1219	-0.0051679586563307955
1220	-0.007792207792207906
1221	0.002617801047120505
1222	-0.015665796344647487
1223	0.007957559681697646
1224	0.04210526315789487
1225	0.015151515151515138
1226	-0.00995024875621886
1227	-0.002512562814070307
1228	0.02015113350125941
1229	-0.022222222222222143
1230	-0.04040404040404044
1231	0.023684210526315974
1232	-0.028277634961439646
1233	0.005291005291005346
1234	0.018421052631579116
1235	0.12661498708010344
1236	-0.043577981651376274
1237	0.021582733812949506
1238	0.016431924882629234
1239	-0.03002309468822173
1240	-0.03571428571428581
1241	-0.01728395061728394
1242	0.035175879396984966
1243	-0.00728155339805836
1244	-0.02689486552567233
1245	0.010050251256281229
1246	0.03980099502487566
1247	-0.011961722488038284
1248	-0.007263922518159882
1249	0.0
1250	0.024390243902439046
1251	0.028571428571428692
1252	0.7361111111111109
1253	-0.053333333333333344
1254	0.05352112676056353
1255	0.09893048128342241
1256	0.04257907542579065
1257	0.046674445740956916
1258	0.3812709030100334
1259	-0.1364003228410009
1260	-0.07570093457943916
1261	0.0778564206268959
1262	-0.1360225140712945
1263	0.06406080347448428
1264	-0.014285714285714346
1265	0.20082815734989645
1266	-0.04655172413793096
1267	0.05515370705244127
1268	0.0
1269	0.005141388174807249
1270	-0.04006820119352095
1271	-0.017761989342806372
1272	-0.06962025316455711
1273	0.06608357628765815
1274	0.09389243391066548
1275	0.1708333333333334
1276	0.07829181494661919
1277	-0.018481848184818572
1278	0.01277740416946882
1279	-0.011288180610889764
1280	-0.015446608462055145
1281	-0.027967257844474736
1282	0.10526315789473695
1283	-0.007619047619047525
1284	0.00703774792066536
1285	-0.010800508259212194
1286	0.31856133590237645
1287	0.1178762786166585
1288	0.0980392156862746
1289	0.08968253968253981
1290	0.07428987618353977
1291	-0.047457627118643986
1292	0.1306049822064057
1293	-0.015423355366698144
1294	-0.04475703324808189
1295	-0.10441767068273089
1296	0.05156950672645744
1297	-0.0024875621890547706
1298	-0.1271820448877805
1299	-0.06816326530612249
1300	0.09767849321068778
1301	0.11252992817238638
1302	-0.021879483500717334
1303	0.005500550055005604
1304	-0.051057622173595996
1305	-0.047271329746348956
1306	0.2650262202501008
1307	0.10969387755102034
1308	-0.18620689655172407
1309	-0.13665254237288138
1310	-0.0662576687116565
1311	0.04643013578624622
1312	0.06027626622017568
1313	-0.056849585471772546
1314	0.08455420678107983
1315	0.0632960247008878
1316	0.02613430127041738
1317	-0.03537318712415993
1318	0.022735606894022764
1319	0.10362136966654711
1320	-0.023066926575698532
1321	-0.05320917858330565
1322	0.05022831050228316
1323	-0.012040133779264162
1324	0.01760324983073791
1325	0.11876247504990034
1326	-0.1382694023193578
1327	0.048309178743961345
1328	-0.03917050691244228
1329	0.0034258307639600805
1330	0.16490269716626837
1331	0.34232121922626035
1332	-0.04366812227074235
1333	0.08150684931506857
1334	-0.03567658855815914
1335	-0.02583187390542907
1336	0.03730337078651669
1337	-0.0034662045060658286
1338	-0.07173913043478253
1339	-0.033255269320843106
1340	-0.06661821705426352
1341	0.044381001816766075
1342	0.04100397614314111
1343	-0.04201480066841723
1344	-0.01619735858460014
1345	-0.03546099290780136
1346	0.08350840336134446
1347	0.0988851187590889
1348	0.20224966916629894
1349	-0.029168959823885454
1350	-0.035525321239607055
1351	-0.09678683385579934
1352	0.11106290672451191
1353	-0.0505661850839515
1354	-0.07464528069093157
1355	-0.022666666666666724
1356	0.07185084129149621
1357	-0.030759439966058566
1358	-0.07069380608448228
1359	-0.09538389072067843
1360	0.05961989065347573
1361	0.03611793611793601
1362	0.02798197770927202
1363	-0.07474048442906578
1364	0.10570929942657692
1365	0.01916572717023679
1366	0.028097345132743312
1367	-0.03873466752743704
1368	0.002238638907544166
1369	-0.05517087335269166
1370	-0.006382978723404209
1371	-0.0033309540804187243
1372	-0.034853186918118895
1373	0.0158298293346526
1374	-0.01120038957876801
1375	0.04358532381186908
1376	0.018404907975460016
1377	-0.02873030583873948
1378	0.019799618320610612
1379	0.013099415204678388
1380	0.06765181251443075
1381	-0.014705882352941124
1382	0.01207199297629491
1383	0.06549555410973773
1384	-0.0274781192753919
1385	-0.016952699874424493
1386	0.0029806259314455463
1387	-0.017830609212481363
1388	-0.016857575102658284
1389	0.004616399208617228
1390	-0.05536105032822758
1391	0.01853138753764183
1392	-0.0031839890834660656
1393	0.06639288158795353
1394	-0.03316217372700048
1395	0.01371984952423122
1396	0.04977079240340543
1397	-0.03514244125597843
1398	0.15172413793103456
1399	-0.057634730538922097
1400	0.014495631453534719
1401	0.009590917987864378
1402	0.18417991469561845
1403	0.02095612311722328
1404	0.022450288646568284
1405	0.034661229611041344
1406	0.10701834167045621
1407	0.20334109270162948
1408	-0.09899863450159296
1409	-0.0017681232634503274
1410	-0.12841599190283404
1411	0.07025693133981714
1412	0.10457073104570713
1413	-0.014611984282907664
1414	-0.08797507788161996
1415	-0.028692444322994892
1416	-0.056407370938247325
1417	0.015652951699463236
1418	-0.03287832085718467
1419	-0.06237668842009414
1420	-0.2683716413078666
1421	0.1504424778761062
1422	0.0019230769230769162
1423	-0.021113243761996192
1424	0.1011764705882352
1425	-0.05982905982905984
1426	-0.023484848484848442
1427	-0.09891388673390222
1428	0.026043908738699884
1429	0.03398363750786659
1430	-0.036315682694258444
1431	0.10042105263157897
1432	0.0
1433	0.0885785345322363
1434	-0.03497363796133568
1435	-0.03842651611728287
1436	0.04943181818181808
1437	-0.011008843169103
1438	-0.027554744525547403
1439	-0.021392381309814246
1440	-0.017833173537871505
1441	0.00819992190550578
1442	0.008520526723470034
1443	0.009408602150537737
1444	0.013886246908883404
1445	-0.06041275797373358
1446	0.009984025559105492
1447	0.004151838671411667
1448	0.17582201220712745
1449	-0.011219022103148069
1450	0.08281117696867057
1451	0.02549264935877371
1452	-0.012353210309592577
1453	-0.08600988264360732
1454	0.022976854198344387
1455	-0.014368290668868688
1456	0.006869973190348544
1457	-0.03328340822100184
1458	-0.02719917369598912
1459	-0.03326844806228979
1460	0.017023613399231197
1461	0.011339092872570067
1462	-0.0113899270332799
1463	-0.009540954095409448
1464	-0.014540167211922972
1465	0.046661748432312855
1466	-0.009339207048458142
1467	-0.012806830309498363
1468	-0.04810810810810817
1469	0.025742949081960953
1470	0.03303192470935601
1471	-0.020543051089674913
1472	-0.004194783877439323
1473	-0.001831501831501825
1474	0.11045871559633036
1475	0.030733641771315323
1476	0.028374478999679376
1477	-0.08043647700701484
1478	0.05339888116629932
1479	-0.05793369810106219
1480	0.042022548684660155
1481	0.018524590163934374
1482	0.01657814260421686
1483	0.11937935402153266
1484	-0.04724186704384725
1485	0.030581947743467897
1486	0.03370786516853941
1487	0.008639910813823759
1488	-0.034125449019066
1489	0.030324703189815505
1490	0.01263362487852282
1491	0.0630655333150536
1492	0.14508640701573383
1493	-0.028719450388557388
1494	0.05507884972170696
1495	0.03549840641828772
1496	-0.09350456378688177
1497	0.006205362369746004
1498	0.15371189201768676
1499	0.0017145738779624775
1500	0.013894482480869996
1501	0.031479642502482585
1502	-0.03254067584480613
1503	-0.01512588317245489
1504	-0.03000909366474691
1505	0.3045833333333332
1506	0.24544873842222925
1507	-0.0521861777150916
1508	0.4511634199134198
1509	0.5312762188869209
1510	-0.07077194691342992
1511	-0.08340157893012734
1512	0.07312104642435924
1513	0.0058946947747029466
1514	0.05803867037478461
1515	0.11872203273148285
1516	-0.02976140527537685
1517	-0.12125580188543261
1518	0.009448508907188069
1519	-0.14820111150833637
1520	0.08401694074554555
1521	-0.041779592411389954
1522	-0.014803114898618963
1523	0.042056597442302834
1524	-0.055171920283373366
1525	-0.053811489377816435
1526	-0.026935083646842273
1527	-0.12775058610619838
1528	0.06813787900221624
1529	-0.009623874271587507
1530	0.122448069893911
1531	-0.02851356181247766
1532	-0.025875812451457203
1533	0.026059588753671648
1534	0.1407304404727825
1535	-0.026351642047899082
1536	-0.06377729498840079
1537	-0.032291052114061025
1538	0.012437002113477424
1539	-0.09060618225612205
1540	0.038935240365514545
1541	0.09598470363288714
1542	-0.08172443203845847
1543	-0.02098285907287012
1544	-0.2071240674457716
1545	0.023659305993690927
1546	0.014983263376016076
1547	0.006491127048107614
1548	0.09575076715036146
1549	-0.09469337383709897
1550	-0.05929848476904531
1551	-0.008360271987515322
1552	0.015006744604316724
1553	-0.008970596378537032
1554	-0.01855059507179968
1555	0.028807287218901134
1556	0.06928227546898325
1557	-0.06613879832324177
1558	-0.08351343862565808
1559	-0.01481436691256488
1560	-0.13232676609586935
1561	-0.07215109287684807
1562	0.22741480521460722
1563	-0.08354037267080738
1564	-0.15255845476109797
1565	0.13443698016634675
1566	-0.028269298554811306
1567	0.0844457341845617
1568	0.0964677548835966
1569	-0.05485051860890788
1570	-0.03776386288812861
1571	0.0827854555212666
1572	-0.014560099132589821
1573	0.3329770512417478
1574	0.042781000896184196
1575	0.03306495386285491
1576	0.004466044923157719
1577	-0.06621332984612704
1578	0.0361777611800953
1579	0.033382889579672836
1580	-0.08335513122329763
1581	-0.08251688385808043
1582	0.07096573531698724
1583	-0.001210067763794731
1584	0.05795977707778044
1585	0.0014199990838714704
1586	-0.01587228981794897
1587	-0.06046943992563336
1588	0.03551993667755027
1589	0.015622014141028151
1590	-0.01081894726939181
1591	0.014598887250939274
1592	-0.011998500187476613
1593	-0.06745730550284634
1594	-0.05361684810255374
1595	-0.05493442270479465
1596	0.06006142645887835
1597	-0.048717673570125464
1598	0.06254935138183848
1599	-0.05594776792823397
1600	-0.013382063536688249
1601	-0.0837750042742349
1602	0.021832431423773002
1603	0.004078402727051289
1604	-0.07456805092452246
1605	0.008450704225352101
1606	0.04917500324801871
1607	0.046932078509070774
1608	-0.002247323910343546
1609	-0.02833264181139239
1610	0.030012810345879215
1611	-0.05803968018951722
1612	0.007922037095253076
1613	-0.07504210591978044
1614	-0.09036957108173727
1615	-0.023873072360616865
1616	-0.12912046179553394
1617	0.0334031048316763
1618	-0.018313781753734548
1619	-0.010402338376891307
1620	0.03605247154895319
1621	0.1255240650679188
1622	-0.11822990389629728
1623	0.0033795201081447956
1624	-0.046985517009093924
1625	0.026683159568828385
1626	0.014371772805507721
1627	-0.02417918045304157
1628	-0.005303425491218872
1629	0.03487457390088289
1630	0.0955236486486486
1631	-0.031917354097602435
1632	0.007645138169945165
1633	0.048763139176479786
1634	-0.029088168801808534
1635	0.02716547656007462
1636	0.061508236360888535
1637	0.04342255125284744
1638	0.06242325010233296
1639	-0.04642650741668264
1640	-0.012323232323232403
1641	0.04070362037226416
1642	0.07894392033542985
1643	-0.11961867751533173
1644	0.056762535347265164
1645	-0.04797023887220986
1646	0.041749502982107334
1647	0.009673598315346199
1648	-0.033630971778661256
1649	-0.001888446752546069
1650	0.0217582269072234
1651	0.06619932544143903
1652	0.04658230988711076
1653	0.05588810525691934
1654	-0.03648405927256404
1655	-0.043283234300361184
1656	-0.03160202155513603
1657	-0.014210261569416405
1658	-0.05447123357571115
1659	-0.07939827307069625
1660	0.039202755184289506
1661	0.018262586377097767
1662	0.020635690049165545
1663	-0.053124363932424035
1664	-0.0017196904557180703
1665	-0.04801894918173988
1666	0.026841589384000608
1667	-0.007709817167192989
1668	0.032854817226580124
1669	-0.03797105602521855
1670	-0.04579982126899018
1671	-0.07359712791695927
1672	0.035214827295703355
1673	-0.031005859375
1674	-0.005291005291005235
1675	-0.004052684903748771
1676	-0.057561885384876166
1677	0.07493028694791759
1678	-0.018995815899581547
1679	0.009809775654695763
1680	0.015374218618009916
1681	0.028452579034941694
1682	0.01261931726257881
1683	-0.04169995206902066
1684	0.017672557519173182
1685	-0.0048328964613368885
1686	0.0011523582187833448
1687	-0.013483515580037797
1688	-0.021085090424202035
1689	-0.09117997616209772
1690	0.004402810304449556
1691	-0.06696511844805064
1692	-0.06297481007596972
1693	0.0776616172391722
1694	-0.054147693526034435
1695	0.012035583464155009
1696	-0.01778697001034124
1697	0.039481996209728365
1698	-0.0007090043553125147
1699	-0.008210014190147996
1700	-0.011752682677567572
1701	-0.1214064115822131
1702	-0.023422787193973615
1703	-0.02832349041822335
1704	0.012279831307367761
1705	-0.07082465384144099
1706	0.06461822497692205
1707	-0.08101077666295065
1708	0.0653726917374311
1709	0.026315789473684292
1710	-0.015162721893491216
1711	0.07009638252597306
1712	-0.005848637267516721
1713	0.00482409695258279
1714	-0.024590163934426368
1715	-0.002641056422569066
1716	0.02166586422725092
1717	-0.0313383600377003
1718	-0.02128435903673076
1719	-0.05629427115695296
1720	0.031077166183829386
1721	-0.01673052362707539
1722	-0.004805818937524187
1723	-0.004567997911772537
1724	0.030942703553166417
1725	0.06409767264402899
1726	0.06430022708258631
1727	-0.03065693430656935
1728	-0.0013901760889711845
1729	-0.0508120649651973
1730	0.021877291615741923
1731	-0.01566798229876809
1732	-0.012758201701093541
1733	0.09735384615384612
1734	-0.031628532974427914
1735	-0.0324299281908732
1736	0.010892985396217414
1737	-0.005091770278271235
1738	-0.0008331349678647459
1739	-0.02096486003573561
1740	-0.04075921644968972
1741	-0.015220700152207
1742	-0.018547140649149862
1743	0.01824146981627295
1744	-0.05889934269880148
1745	0.022322651328403387
1746	-0.014333556597454833
1747	-0.08494156020657784
1748	-0.07589484627951881
1749	0.012696882031501211
1750	-0.061418822409141316
1751	-0.020798106188704812
1752	0.025211535140735597
1753	-0.04884621862893712
1754	-0.03718788737382683
1755	0.0007356998344674182
1756	0.018011394964161154
1757	0.11554432207979781
1758	-0.07363651076225919
1759	0.010132774283717616
1760	-0.07644413697682462
1761	0.05617977528089879
1762	-0.02163120567375887
1763	0.03805726712577018
1764	0.011173184357541999
1765	0.00034530386740327934
1766	-0.01484294097342076
1767	0.06324456902592845
1768	0.04069863239413407
1769	-0.02564914502849902
1770	-0.021286967825804415
1771	0.03154574132492116
1772	0.06985353291485596
1773	-0.003761095230931266
1774	-0.012684989429175508
1775	0.03517895380850433
1776	-0.14701536643026014
1777	-0.004157283907846754
1778	-0.033744999130283615
1779	-0.04338433843384337
1780	0.029732781332329594
1781	-0.006944444444444309
1782	-0.04306220095693791
1783	-0.0071153846153845235
1784	0.056556265736974476
1785	0.03171402383134736
1786	0.001421464108031234
1787	0.007629524485450734
1788	-0.0827610494805423
1789	0.03666730658475714
1790	0.005740740740740824
1791	0.04198121892837414
1792	0.07563173705601689
1793	-0.00443568260226701
1794	0.012541254125412404
1795	-0.055573663624510994
1796	-0.007075064710957757
1797	-0.005387556482447042
1798	0.10466538528743663
1799	-0.021828535273647476
1800	-0.004851228978007827
1801	-0.0071498212544686135
1802	-0.013420621931260257
1803	-0.015593895155938897
1804	-0.03336703741152691
1805	0.013598326359832713
1806	0.01049191606467148
1807	-0.015829787234042603
1808	0.004669664475959845
1809	0.023239800309863945
1810	-0.012786002691789977
1811	-0.014655760054533062
1812	-0.12123832583881011
1813	0.04900610116118864
1814	0.002251407129455929
1815	-0.027704979408461283
1816	0.052753176742395214
1817	-0.014264813460131642
1818	-0.004267161410018483
1819	-0.02459474566797093
1820	0.008787010506208226
1821	0.00946790380609741
1822	-0.010317013693491028
1823	-0.012130401819560266
1824	0.009209516500383819
1825	-0.006273764258555081
1826	-0.0019131432944328175
1827	-0.0023001725129385697
1828	-0.0028818443804033977
1829	-0.002119460500963344
1830	-0.05947094033597211
1831	0.006774789570930029
1832	0.013050570962479524
1833	0.013083735909822813
1834	0.02145837472680312
1835	-0.011476366465668075
1836	0.0670995670995671
1837	-0.010879586944495645
1838	0.044556301267710596
1839	-0.035159735855791574
1840	-0.03292637809840915
1841	-0.007459831675592943
1842	0.005588745423010133
1843	-0.020314296665389087
1844	-0.00860719874804372
1845	-0.024861878453038666
1846	-0.12221772561715905
1847	0.013370216689718717
1848	-0.03821656050955413
1849	-0.010643330179754051
1850	0.007171886206072342
1851	-0.13909328269641585
1852	-0.09429280397022333
1853	0.05296803652968052
1854	-0.08759757155247194
1855	0.01552598225602031
1856	-0.09516380655226198
1857	0.06344827586206891
1858	-0.04345006485084302
1859	0.0552542372881355
1860	0.11243173787343408
1861	-0.027432861680623866
1862	-0.05433491686460801
1863	0.07127158555729962
1864	-0.015826494724501705
1865	-0.0857653365098272
1866	0.008143322475570036
1867	-0.06558966074313399
1868	-0.08264177040110654
1869	-0.057670561628345274
1870	-0.020000000000000018
1871	0.044897959183673564
1872	-0.051562499999999956
1873	-0.03500823723228996
1874	0.03969270166453254
1875	-0.051724137931034364
1876	0.011255411255411074
1877	0.014982876712328785
1878	0.08182201602699268
1879	0.1426900584795321
1880	0.038553394745820535
1881	-0.03449408672798948
1882	0.11704661449472598
1883	-0.06975327444410595
1884	0.05206286836935181
1885	0.0426392779333955
1886	-0.006567164179104412
1887	-0.06490384615384615
1888	-0.0073907455012853784
1889	-0.09193913887989635
1890	0.16434937611408174
1891	-0.04929577464788726
1892	0.031239935587761725
1893	-0.05902560899437859
1894	0.06604712910720201
1895	0.03985056039850554
1896	-0.041017964071856206
1897	0.012800499531688825
1898	0.07706535141800241
1899	0.12907842014882664
1900	-0.03726235741444883
1901	0.04160084254870999
1902	-0.016177957532861442
1903	-0.1379753340184996
1904	-0.046199701937406745
1905	0.008124999999999938
1906	-0.06664600123992559
1907	0.0747260046496181
1908	-0.033683559950556274
1909	0.011512631915574056
1910	0.006323110970597456
1911	-0.021991831605403633
1912	0.04625762929649868
1913	-0.05557261283389614
1914	0.00910273081924573
1915	0.024484536082474362
1916	0.002830188679245227
1917	0.029476324866729353
1918	0.0024367956137678615
1919	0.002127013065937433
1920	-0.019405700424499517
1921	-0.036487322201608
1922	-0.004813863928112894
1923	0.02644308287649144
1924	-0.009739239710964465
1925	0.03838832487309629
1926	0.0553009471432937
1927	-0.03705848291835556
1928	0.021346963319302414
1929	0.008831321754489307
1930	-0.042602859644003566
1931	0.011277049679975448
1932	0.29987944544906586
1933	0.03431486204498024
1934	0.0504371217215871
1935	-0.08557405036278276
1936	0.025204200700116752
1937	-0.0509902117004325
1938	-0.007195970256656192
1939	0.03140855279052901
1940	0.02037947997189038
1941	0.011478420569329684
1942	0.08669995460735369
1943	-0.011069340016708451
1944	0.09144667370644144
1945	-0.05205108359133126
1946	0.013268013880383789
1947	0.043513295729250556
1948	-0.15096525096525093
1949	0.040472942246475796
1950	-0.015515734265734271
1951	0.007103218645948983
1952	0.012122547939166894
1953	0.03179442508710806
1954	0.03208104685521307
1955	-0.014928425357873198
1956	-0.04235001037990449
1957	0.14827660958161704
1958	0.05437039833868229
1959	0.02488809310653539
1960	-0.021663172606568915
1961	0.038928571428571423
1962	-0.01942248195256102
1963	-0.029973707274320693
1964	0.02945428261655203
1965	-0.019659469896436632
1966	0.008773500447627702
1967	0.0456159034433794
1968	0.04583262603972171
1969	-0.010387924038305463
1970	-0.021321961620469065
1971	0.00837942014412607
1972	0.012298487618414455
1973	-0.03299950747003777
1974	0.012054329371816719
1975	0.025499077336017528
1976	-0.019303124488794343
1977	-0.013177648040033518
1978	-0.0013522650439485862
1979	0.04553148273527419
1980	-0.0166747612109438
1981	0.01761606848864017
1982	-0.01779647306261123
1983	0.0011530225662987892
1984	-0.0013162224415925738
1985	0.2795716639209225
1986	0.10184112269859669
1987	-0.005024538443561544
1988	0.044627128596594234
1989	0.041371557054525
1990	-0.005073950124149795
1991	-0.02766927083333326
1992	-0.0289030242160474
1993	0.0151689266835211
1994	-0.10074711342540188
1995	-0.005790533736153014
1996	-0.010508989617624698
1997	0.074088291746641
1998	-0.06754824874910648
1999	0.03526255270218481
2000	-0.020856472911267354
2001	0.03692966977564893
2002	0.005226692597544824
2003	-0.01221281741233382
2004	-0.05263802178969268
2005	-0.0032303915234526137
2006	-0.037334716100596244
2007	-0.012388903851333177
2008	-0.03190619034633224
2009	0.025352112676056304
2010	-0.020467032967032894
2011	-0.030991445800028106
2012	-0.01678726483357451
2013	0.10568148366205476
2014	-0.016906283280085366
2015	0.00013540961408264884
2016	0.07351746547522353
2017	-0.014629839828477875
2018	-0.02739024702419046
2019	-0.006711409395973034
2020	-0.015898251192368873
2021	0.01036618201400108
2022	-0.013057961359093984
2023	0.036857027136492526
2024	0.14583333333333348
2025	0.02022727272727276
