0	0.13101983002832873
1	0.2204132748904193
2	-0.06362237044638264
3	0.23835616438356166
4	0.663716814159292
5	-0.09308510638297873
6	0.10615835777126081
7	0.2857900318133617
8	-0.003711340206185576
9	-0.01697019867549665
10	-0.03178947368421048
11	-0.121765601217656
12	-0.03738549145828174
13	0.024176954732510136
14	-0.03314917127071826
15	-0.0789610389610389
16	0.003948110547095318
17	0.12022471910112364
18	0.05065195586760263
19	-0.0379474940334128
20	-0.03696353262217822
21	0.030396702730551173
22	-0.03749999999999998
23	-0.1350649350649351
24	0.0009009009009008917
25	-0.008100810081007936
26	-0.038112522686025496
27	-0.014150943396226356
28	-0.017224880382775254
29	-0.2921129503407984
30	0.07290233837689142
31	-0.08974358974358965
32	0.4544600938967136
33	-0.16688185926404142
34	-0.12437039907012781
35	0.04778761061946901
36	-0.07263513513513509
37	-0.049635701275045574
38	-0.0402491614758026
39	-0.21767348976535206
40	0.19463943841735798
41	0.10149572649572658
42	-0.03976721629485935
43	0.06414141414141405
44	-0.05268153773137163
45	-0.013527054108216419
46	-0.12341289994921278
47	0.07531865585168007
48	0.08028017241379315
49	-0.01995012468827939
50	0.3201017811704836
51	0.017347725520431734
52	0.2057597574838954
53	-0.05971087366436201
54	-0.042780748663101664
55	0.1983240223463687
56	0.04079254079254069
57	0.024916013437849882
58	-0.08303742146954385
59	-0.07149240393208223
60	0.03561116458132818
61	0.037484510532837634
62	0.07136458644371446
63	-0.10395763656633228
64	-0.09922239502332808
65	0.013121546961325947
66	0.023517382413087873
67	-0.05994005994005991
68	0.03931987247608926
69	-0.056237218813905865
70	0.00650054171180936
71	0.026551847865087908
72	0.09612023767913325
73	-0.054209183673469385
74	-0.02865812542144308
75	-0.03575147518222832
76	-0.023758099352051865
77	0.0663716814159292
78	-0.03803596127247588
79	0.07656362329259525
80	-0.04440734557595982
81	-0.010132774283717727
82	0.01941404871161323
83	-0.05332409972299168
84	0.01572787125091435
85	0.03673028447965421
86	-0.013893713094824567
87	-0.053539978865797755
88	-0.08373650911797548
89	0.0832656376929326
90	-0.008623922009748819
91	-0.0075642965204236745
92	-0.0003810975609754852
93	-0.003049942813572293
94	0.15105162523900595
95	0.05946843853820605
96	-0.1229225462527439
97	0.01501608866642834
98	-0.05530116238112015
99	0.05219985085756895
100	0.048547129695251545
101	-0.012166272389320665
102	-0.016763599042080135
103	0.39874739039665985
104	0.06791044776119404
105	-0.0682506405776846
106	-0.11199999999999988
107	-0.03237612612612628
108	0.04771603142275249
109	-0.03721188558733679
110	0.0025959042399767984
111	0.09407364787111638
112	-0.0005259006047857451
113	0.0563009734280453
114	-0.057036114570361174
115	-0.1476492340200739
116	0.0123954136969322
117	0.09672482399755111
118	-0.0223276583868266
119	0.04510419640308294
120	0.14285714285714302
121	-0.0815009560229446
122	-0.09471766848816032
123	-0.022132796780684028
124	0.035861258083480285
125	-0.0034052213393871433
126	-0.06662870159453294
127	0.08602806589383771
128	0.08848314606741559
129	0.1439999999999999
130	0.13038574328896924
131	-0.04410297345839154
132	0.027766179540709812
133	0.3623806621978467
134	0.15312360220665
135	-0.10059477631238689
136	0.08654399079930997
137	-0.05808414924583227
138	-0.24006180643348785
139	0.05471349353049915
140	0.018927444794952564
141	0.1252149982800137
142	-0.007337205747477871
143	0.016168771173390883
144	-0.017729959084709868
145	0.12233878432582546
146	-0.03134020618556699
147	0.05945792535830852
148	0.04594160192874375
149	0.13983864771417598
150	0.17660936973373786
151	-0.06492886469970394
152	-0.033289084039620165
153	0.0567233548114503
154	0.006697321071571283
155	-0.005461225300367412
156	0.26178115015974446
157	-0.030542807406235162
158	-0.12553052562846878
159	0.14915064401717393
160	0.12443144899285241
161	0.20420398728691147
162	0.1313658448803312
163	-0.2529558347913684
164	0.01831085876508154
165	-0.025717870086423233
166	-0.004292152514486003
167	0.07500538831812631
168	-0.12236850898883911
169	-0.06625038074931455
170	-0.00782906540531736
171	0.1320894295577839
172	-0.0034124736803891054
173	0.0011656709893632655
174	0.02546936399359634
175	0.0852256599489074
176	0.08932191198587591
177	-0.13800348160153675
178	0.014902506963788476
179	-0.13825991491697542
180	-0.03153117286408158
181	0.02351393570665139
182	-0.14169812836372397
183	-0.23200748713149266
184	0.2755300999268828
185	-0.02512658832521253
186	0.08143865150921203
187	0.03969188944268254
188	-0.06345332519829161
189	-0.05286179618427178
190	0.09550948216566768
191	-0.02798457260740861
192	0.12595736827535298
193	-0.006966071135879326
194	0.05075513741024995
195	0.054194156456173426
196	-0.068916703918939
197	0.08986156677602608
198	-0.08142437591776797
199	-0.055551115018783515
200	-0.055348679756262675
201	0.06629636265902161
202	-0.029070744412703742
203	0.012028383523710717
204	0.14895254382214618
205	0.043313239562402295
206	-0.06177330765389821
207	-0.02121189082338626
208	-0.036818393661643745
209	-0.021612903225806557
210	-0.014012528849324024
211	-0.06646045811737167
212	-0.06563983164681653
213	-0.04054054054054057
214	-0.09339726301068818
215	0.013882767739092028
216	-0.0783525320582481
217	0.06850607239712292
218	-0.061134407415581626
219	-0.022919605077574068
220	-0.14050282689763016
221	-0.03344996501049691
222	-0.022733854619171878
223	-0.09986664691065339
224	0.07769547325102888
225	0.10982129219489845
226	0.04032480044040754
227	-0.04114300833443574
228	-0.04387417218543055
229	-0.0021645021645020357
230	-0.056832971800433896
231	0.001379944802208044
232	-0.09431939978563775
233	-0.06339814032121727
234	0.03068592057761732
235	-0.09334500875656737
236	-0.029940119760479167
237	-0.0017921146953404632
238	-0.054258926790345274
239	0.03248259860788871
240	0.09560776302349328
241	-0.1115047548014172
242	-0.010912906610702988
243	-0.04307235306598767
244	0.03259423503325931
245	0.0622718488297187
246	0.06973923590054576
247	-0.002645502645502673
248	0.10704812428950361
249	0.14838268013007005
250	-0.0719821162444112
251	0.031957603982656124
252	0.10317460317460303
253	-0.05346311186345054
254	-0.020417287630402292
255	0.11121253613266391
256	0.014375684556407364
257	0.07031988122553634
258	-0.0581336696090794
259	-0.01271923952336329
260	0.03308923243829698
261	0.08125492255185085
262	-0.1328153453927401
263	0.07923841523169539
264	-0.05941107796082501
265	0.05819886912150052
266	0.1824579695034536
267	-0.07406590984238948
268	-0.00011903344839903074
269	0.010595238095238102
270	0.03239486394157143
271	-0.03776814240073023
272	0.002134471718249875
273	-0.008874689385871548
274	-0.05647086914995225
275	-0.0265721877767936
276	-0.006499415052645285
277	-0.08700771948187891
278	-0.09186013184293496
279	0.019252011993056817
280	0.04087320018578722
281	-0.019039119440725893
282	-0.04412433661865056
283	-0.022842639593908642
284	-0.06314935064935068
285	0.03223011609773008
286	-0.008561356387443264
287	0.07890281070098193
288	-0.0227558066541117
289	-0.08414967078850166
290	-0.09118008065930217
291	0.06193324329538874
292	-0.0390625
293	-0.01493666099451696
294	0.014587332053742852
295	-0.09553537646613697
296	0.09244927839364148
297	-0.014742485161784336
298	0.030703458997279442
299	0.04920814479638014
300	0.019586702605570494
301	-0.005816002819880262
302	-0.05247296578620797
303	0.02039289055191751
304	-0.013384671800513281
305	-0.005203493774391443
306	-0.022790958341117107
307	-0.02943987765245648
308	-0.10675595824305695
309	0.004630650496141087
310	-0.09460052677787534
311	-0.08024242424242434
312	0.0714285714285714
313	-0.06838868388683894
314	0.0010562450488513786
315	0.015563175943023033
316	0.02675324675324675
317	0.010624841892233894
318	-0.02478097622027542
319	-0.03413757700205333
320	-0.12330587297369122
321	0.026371627765989558
322	-0.08092144122858824
323	0.01510282776349614
324	-0.05033238366571702
325	0.013000000000000123
326	-0.0707469562356039
327	0.047804532577903736
328	0.04427171341669478
329	0.013915857605177884
330	0.15512288541334174
331	-0.010500138159712513
332	0.1332030159173414
333	-0.009857072449482418
334	-0.06545545047287216
335	0.031424766977363516
336	0.007229537825974797
337	-0.06972571135606254
338	-0.08349407550289334
339	0.017137702946482314
340	-0.04906887378066793
341	0.028598072738576397
342	-0.018434572378362213
343	0.03509852216748777
344	0.09280190362879259
345	0.07049537289058239
346	-0.04627510806000512
347	-0.04132231404958675
348	-0.07758620689655171
349	0.02773590593910158
350	-0.02757406864183054
351	-0.03167420814479627
352	0.05264797507788144
353	0.010949985202722612
354	-0.031030444964871062
355	0.007854984894259731
356	0.020683453237410054
357	-0.016740088105726914
358	-0.045698924731182755
359	-0.07073552425665097
360	0.0016840687100032614
361	-0.0504371217215871
362	-0.011685552407931898
363	-0.042637047653171
364	0.03592814371257491
365	-0.05455202312138718
366	-0.040886511272449355
367	-0.12988047808764946
368	0.02060439560439553
369	-0.11350381336922377
370	-0.06933198380566807
371	0.007069059271343159
372	-0.15496760259179265
373	0.026837060702875393
374	-0.0273802115743621
375	0.026871401151631558
376	0.2866043613707163
377	-0.07215496368038732
378	0.03392484342379953
379	-0.13679959616355364
380	0.040935672514619936
381	-0.07584269662921361
382	0.07841945288753793
383	-0.0011273957158962622
384	-0.004514672686230181
385	-0.005668934240362855
386	0.18015963511972632
387	0.02850241545893728
388	-0.07233442930953493
389	-0.010126582278480956
390	0.028644501278772383
391	0.12182993535554454
392	-0.020390070921985748
393	0.038461538461538325
394	0.05403050108932472
395	-0.20008267879288966
396	0.055813953488371926
397	-0.04454233969652477
398	-0.08401639344262302
399	0.03020134228187943
400	0.004885993485342022
401	-0.0410588870880606
402	-0.005070422535211283
403	0.03171007927519809
404	-0.023600439077936297
405	0.01180438448566612
406	-0.0005555555555556424
407	-0.07837687604224575
408	0.018697225572979592
409	0.013617525162818334
410	0.06425233644859807
411	0.09001097694840832
412	-0.05085599194360513
413	0.037665782493368605
414	-0.05674846625766872
415	-0.014634146341463428
416	-0.021452145214521434
417	0.06970207982012377
418	0.012611665790856375
419	-0.0031136481577580533
420	-0.012493492972410314
421	-0.013178703215603549
422	-0.010149572649572502
423	-0.028602266594711323
424	0.0005555555555556424
425	0.011660188784008652
426	-0.014818880351262331
427	0.01559888579387203
428	0.017553483269336256
429	-0.010781671159029615
430	-0.003814713896457822
431	-0.15098468271334797
432	0.012242268041237292
433	0.017186505410566433
434	-0.008760951188986232
435	0.051767676767676685
436	0.012605042016806678
437	0.01778304682868992
438	-0.015142690739662346
439	-0.008870490833826072
440	0.008949880668257748
441	-0.007096392667060969
442	0.014889815366289527
443	-0.011150234741783893
444	0.0035608308605341588
445	-0.009461856889414588
446	-0.019701492537313348
447	-0.018270401948842885
448	0.007444168734491052
449	-0.049261083743842304
450	-0.010362694300518172
451	0.013743455497382318
452	0.023240800516462157
453	0.028391167192429068
454	-0.017791411042944683
455	0.05496564647095559
456	-0.027827116637063276
457	0.04141291108404377
458	-0.01637426900584804
459	-0.024375743162901364
460	-0.02437538086532598
461	-0.0031230480949406836
462	0.018170426065162948
463	-0.019076923076923102
464	-0.021957340025094085
465	-0.11161000641436825
466	-0.04404332129963895
467	-0.025679758308157052
468	-0.024806201550387597
469	0.007949125596184325
470	-0.1940063091482649
471	-0.09686888454011744
472	0.013001083423618498
473	-0.09839572192513368
474	0.03677342823250296
475	-0.13157894736842113
476	0.035573122529644285
477	-0.07633587786259544
478	0.016528925619834656
479	0.14363143631436315
480	0.0082938388625593
481	-0.08930669800235014
482	0.06451612903225801
483	-0.023030303030302957
484	-0.08064516129032262
485	0.03778677462888003
486	-0.08582574772431728
487	-0.14224751066856334
488	0.023217247097844007
489	-0.014586709886547755
490	0.0625
491	-0.03869969040247678
492	-0.054750402576489554
493	0.04429301533219765
494	-0.0538336052202284
495	-0.01551724137931032
496	0.003502626970227851
497	0.010471204188481575
498	0.15544041450777213
499	0.0433482810164425
500	-0.03295128939828085
501	0.09925925925925916
502	-0.049865229110512166
503	0.03546099290780136
504	0.06986301369863002
505	0.09987195902688861
506	-0.08614668218859145
507	0.017834394904458595
508	-0.11639549436796004
509	0.16147308781869674
510	-0.013414634146341364
511	0.027194066749073098
512	-0.07701564380264747
513	0.054758800521512274
514	0.02224969097651419
515	-0.053204353083434075
516	-0.0012771392081736277
517	0.023017902813299296
518	0.10624999999999996
519	-0.024858757062146797
520	0.07995365005793742
521	-0.0042918454935623185
522	-0.1336206896551725
523	-0.004975124378109319
524	-0.02375000000000005
525	-0.07682458386683733
526	0.11927877947295418
527	-0.054522924411400275
528	0.013106159895150737
529	0.02199223803363526
530	-0.027848101265822822
531	0.05729166666666652
532	-0.07019704433497531
533	-0.003973509933774877
534	0.03191489361702127
535	-0.019329896907216426
536	0.026281208935611033
537	-0.023047375160051176
538	-0.006553079947575369
539	-0.01978891820580475
540	-0.05248990578734858
541	0.005681818181818121
542	0.01412429378531077
543	-0.02646239554317542
544	0.014306151645207432
545	0.04090267983074747
546	-0.03794037940379402
547	0.0
548	-0.00422535211267594
549	-0.015558698727015652
550	0.007183908045977017
551	0.09700427960057079
552	0.011703511053315907
553	0.04370179948586106
554	0.017241379310344973
555	0.009685230024213176
556	0.0023980815347721673
557	-0.03947368421052633
558	0.024906600249066102
559	-0.024301336573511634
560	0.05977584059775842
561	0.05405405405405417
562	0.011148272017837302
563	0.027563395810363822
564	-0.06115879828326187
565	0.017142857142857126
566	0.16741573033707868
567	-0.12415784408084707
568	0.03516483516483526
569	-0.015923566878980888
570	-0.02265372168284785
571	-0.0066225165562914245
572	0.017777777777777892
573	-0.028384279475982543
574	-0.011235955056179692
575	-0.050000000000000155
576	0.06818181818181812
577	-0.0033594624860021627
578	0.053932584269662964
579	-0.04584221748400863
580	0.021229050279329753
581	-0.021881838074398363
582	-0.004474272930648726
583	0.008988764044943753
584	0.012249443207126953
585	0.03410341034103426
586	0.0031914893617019935
587	0.016967126193001114
588	-0.021897810218977964
589	-0.0106609808102347
590	0.0118534482758621
591	0.013844515441959526
592	-0.04621848739495793
593	0.020925110132158586
594	0.02373247033441217
595	-0.025289778714436273
596	-0.027027027027026973
597	-0.005555555555555647
598	0.051396648044692794
599	-0.01062699256110522
600	0.08807733619763702
601	-0.003948667324777944
602	0.013875123885034757
603	-0.00488758553274693
604	0.1532416502946956
605	0.03833049403747868
606	0.05906480721903207
607	0.0573199070487993
608	-0.0336996336996338
609	-0.011372251705837777
610	-0.018404907975460016
611	-0.04375000000000007
612	0.016339869281045694
613	-0.09405144694533762
614	0.011535048802129522
615	-0.024561403508772006
616	0.024280575539568527
617	-0.05882352941176472
618	0.025186567164179108
619	0.0009099181073703999
620	0.031818181818181746
621	-0.017621145374449254
622	-0.014349775784753382
623	-0.030937215650591487
624	0.023474178403755763
625	-0.053211009174311985
626	-0.0281007751937985
627	-0.04486540378863402
628	0.010438413361169019
629	0.006198347107438051
630	-0.007186858316221789
631	0.02171664943123064
632	0.03441295546558698
633	-0.041095890410958846
634	0.047959183673469186
635	0.011684518013632017
636	-0.04908565928777664
637	-0.020242914979757165
638	-0.00723140495867769
639	-0.030176899063475426
640	0.006437768240343367
641	-0.06289978678038399
642	0.005688282138794243
643	0.1006787330316743
644	-0.0030832476875644055
